  0   0   0
  0   0   1
  1   0   1
  1   0   0
  1   0  -1
  0   0  -1
 -1   0  -1
 -1   0   0
 -1   0   1
 -1   0   2
  0   0   2
  1   0   2
  1   0   3
  0   0   3
 -1   0   3
 -2   0   3
 -2   0   2
 -2   0   1
 -2   0   0
 -2   0  -1
 -2   1  -1
 -1   1  -1
  0   1  -1
  0   1   0
 -1   1   0
 -1   1   1
  0   1   1
  1   1   1
  1   1   0
  1   1  -1
  1   2  -1
  1   2   0
  0   2   0
  0   2   1
 -1   2   1
 -1   2   0
 -1   2  -1
  0   2  -1
  0   3  -1
  0   3   0
 -1   3   0
 -1   3   1
  0   3   1
  1   3   1
  1   3   0
  1   3  -1
  1   3  -2
  0   3  -2
  0   2  -2
  1   2  -2
  1   1  -2
  0   1  -2
  0   0  -2
  1   0  -2
  1  -1  -2
  1  -1  -1
  1  -1   0
  0  -1   0
  0  -1   1
 -1  -1   1
 -1  -1   0
 -1  -1  -1
  0  -1  -1
  0  -1  -2
 -1  -1  -2
 -1   0  -2
 -1   1  -2
 -2   1  -2
 -2   0  -2
 -2  -1  -2
 -2  -1  -1
 -2  -1   0
 -2  -1   1
 -2  -1   2
 -2  -1   3
 -1  -1   3
 -1  -1   2
  0  -1   2
  0  -1   3
  1  -1   3
  1  -1   2
  1  -1   1
  1  -2   1
  0  -2   1
  0  -2   0
  0  -2  -1
  0  -2  -2
 -1  -2  -2
 -2  -2  -2
 -2  -2  -1
 -2  -2   0
 -2  -2   1
 -2  -2   2
 -1  -2   2
 -1  -2   1
 -1  -2   0
 -1  -2  -1
 -1  -3  -1
 -2  -3  -1
 -2  -3  -2
 -1  -3  -2
  0  -3  -2
  0  -3  -1
  0  -3   0
 -1  -3   0
 -2  -3   0
 -2  -3   1
 -2  -3   2
 -1  -3   2
 -1  -3   1
  0  -3   1
  1  -3   1
  1  -3   0
  1  -2   0
  1  -2  -1
  1  -2  -2
  1  -3  -2
  1  -3  -1
  1  -4  -1
  0  -4  -1
  0  -4  -2
  1  -4  -2
  1  -5  -2
  0  -5  -2
  0  -5  -1
  1  -5  -1
  2  -5  -1
  2  -4  -1
  2  -4  -2
  2  -3  -2
  2  -3  -1
  2  -2  -1
  2  -2   0
  2  -1   0
  2  -1   1
  2  -2   1
  2  -3   1
  2  -3   0
  2  -4   0
  2  -5   0
  1  -5   0
  1  -4   0
  0  -4   0
  0  -5   0
  0  -6   0
  1  -6   0
  1  -6  -1
  1  -6  -2
  0  -6  -2
  0  -6  -1
  0  -7  -1
  0  -7   0
  1  -7   0
  1  -7  -1
  1  -7  -2
  0  -7  -2
  0  -8  -2
  1  -8  -2
  1  -8  -1
  0  -8  -1
  0  -8   0
  1  -8   0
  1  -9   0
  1  -9  -1
  1  -9  -2
  0  -9  -2
  0  -9  -1
  0  -9   0
 -1  -9   0
 -1  -8   0
 -1  -7   0
 -1  -6   0
 -1  -5   0
 -1  -4   0
 -2  -4   0
 -2  -5   0
 -2  -6   0
 -2  -7   0
 -2  -8   0
 -2  -9   0
 -2 -10   0
 -1 -10   0
  0 -10   0
  1 -10   0
  1 -10  -1
  0 -10  -1
 -1 -10  -1
 -2 -10  -1
 -2  -9  -1
 -1  -9  -1
 -1  -9  -2
 -2  -9  -2
 -2 -10  -2
 -1 -10  -2
  0 -10  -2
  1 -10  -2
  1 -11  -2
  1 -11  -1
  1 -11   0
  0 -11   0
  0 -11  -1
 -1 -11  -1
 -1 -11   0
 -2 -11   0
 -2 -11  -1
 -2 -11  -2
 -1 -11  -2
  0 -11  -2
  0 -12  -2
  1 -12  -2
  1 -12  -1
  1 -12   0
  0 -12   0
  0 -12  -1
 -1 -12  -1
 -1 -12   0
 -2 -12   0
 -2 -12  -1
 -2 -12  -2
 -1 -12  -2
 -1 -13  -2
 -1 -13  -1
 -1 -13   0
  0 -13   0
  1 -13   0
  1 -13  -1
  0 -13  -1
  0 -13  -2
  1 -13  -2
  1 -13  -3
  1 -12  -3
  0 -12  -3
  0 -13  -3
 -1 -13  -3
 -1 -12  -3
 -2 -12  -3
 -2 -13  -3
 -2 -13  -2
 -2 -13  -1
 -2 -13   0
 -2 -13   1
 -1 -13   1
 -1 -12   1
  0 -12   1
  0 -11   1
 -1 -11   1
 -2 -11   1
 -2 -10   1
 -1 -10   1
  0 -10   1
  0  -9   1
  1  -9   1
  1  -8   1
  0  -8   1
  0  -7   1
  0  -6   1
  1  -6   1
  1  -7   1
  2  -7   1
  2  -8   1
  2  -9   1
  2  -9   0
  2  -8   0
  2  -8  -1
  2  -9  -1
  2  -9  -2
  2  -8  -2
  2  -7  -2
  2  -7  -1
  2  -6  -1
  2  -6  -2
  2  -5  -2
  3  -5  -2
  3  -5  -1
  3  -4  -1
  3  -4  -2
  3  -3  -2
  3  -3  -1
  3  -2  -1
  3  -2   0
  3  -3   0
  3  -4   0
  3  -5   0
  4  -5   0
  4  -4   0
  4  -3   0
  4  -2   0
  4  -2  -1
  4  -3  -1
  4  -4  -1
  4  -5  -1
  4  -5  -2
  4  -4  -2
  4  -3  -2
  4  -2  -2
  3  -2  -2
  2  -2  -2
  2  -1  -2
  2  -1  -1
  2   0  -1
  2   0   0
  2   0   1
  2   0   2
  2  -1   2
  2  -2   2
  1  -2   2
  0  -2   2
  0  -3   2
  1  -3   2
  2  -3   2
  3  -3   2
  3  -2   2
  3  -1   2
  3   0   2
  3   0   1
  3  -1   1
  3  -2   1
  3  -3   1
  4  -3   1
  4  -3   2
  4  -2   2
  4  -2   1
  4  -1   1
  4  -1   0
  3  -1   0
  3   0   0
  3   0  -1
  3  -1  -1
  3  -1  -2
  3   0  -2
  2   0  -2
  2   1  -2
  3   1  -2
  3   1  -1
  2   1  -1
  2   2  -1
  2   3  -1
  2   3   0
  2   2   0
  2   1   0
  2   1   1
  3   1   1
  3   1   2
  2   1   2
  1   1   2
  0   1   2
  0   2   2
  1   2   2
  1   2   1
  2   2   1
  2   2   2
  3   2   2
  3   2   1
  3   2   0
  3   2  -1
  3   2  -2
  2   2  -2
  2   3  -2
  3   3  -2
  3   3  -1
  3   3   0
  3   3   1
  3   3   2
  2   3   2
  2   3   1
  2   4   1
  1   4   1
  0   4   1
  0   4   0
  1   4   0
  2   4   0
  3   4   0
  3   4   1
  3   4   2
  2   4   2
  1   4   2
  1   3   2
  0   3   2
 -1   3   2
 -1   2   2
 -1   1   2
 -1   1   3
  0   1   3
  1   1   3
  1   2   3
  1   3   3
  1   4   3
  2   4   3
  3   4   3
  3   3   3
  2   3   3
  2   2   3
  2   1   3
  2   0   3
  2  -1   3
  2  -2   3
  1  -2   3
  0  -2   3
 -1  -2   3
 -2  -2   3
 -2  -3   3
 -1  -3   3
  0  -3   3
  1  -3   3
  2  -3   3
  3  -3   3
  4  -3   3
  4  -2   3
  3  -2   3
  3  -1   3
  3   0   3
  3   1   3
  3   2   3
  4   2   3
  4   1   3
  4   0   3
  4   0   2
  4   0   1
  4   0   0
  4   0  -1
  4  -1  -1
  4  -1  -2
  4   0  -2
  4   1  -2
  4   1  -1
  4   2  -1
  4   2  -2
  4   3  -2
  4   3  -1
  4   3   0
  4   2   0
  4   2   1
  4   3   1
  4   3   2
  4   2   2
  4   1   2
  4   1   1
  4   1   0
  3   1   0
  2   1   0
  2   1  -1
  3   1  -1
  3   1  -2
  3   1  -3
  4   1  -3
  4   0  -3
  4  -1  -3
  3  -1  -3
  3  -2  -3
  4  -2  -3
  4  -3  -3
  3  -3  -3
  3  -4  -3
  4  -4  -3
  4  -5  -3
  3  -5  -3
  2  -5  -3
  2  -4  -3
  2  -3  -3
  2  -2  -3
  2  -1  -3
  2   0  -3
  3   0  -3
  3   0  -4
  3   1  -4
  4   1  -4
  4   0  -4
  4  -1  -4
  3  -1  -4
  2  -1  -4
  2   0  -4
  2   1  -4
  2   1  -3
  2   2  -3
  3   2  -3
  3   3  -3
  4   3  -3
  4   2  -3
  4   2  -4
  3   2  -4
  2   2  -4
  1   2  -4
  1   2  -3
  1   3  -3
  2   3  -3
  2   3  -4
  3   3  -4
  4   3  -4
  5   3  -4
  5   2  -4
  5   2  -3
  5   1  -3
  5   1  -4
  5   0  -4
  5   0  -3
  5   0  -2
  5   0  -1
  5   1  -1
  5   1  -2
  5   2  -2
  5   2  -1
  5   2   0
  5   2   1
  5   1   1
  5   0   1
  5   0   0
  5   1   0
  6   1   0
  6   0   0
  6   0   1
  6   1   1
  6   2   1
  6   2   0
  6   2  -1
  6   1  -1
  6   0  -1
  6   0  -2
  6   1  -2
  6   2  -2
  6   2  -3
  6   1  -3
  6   0  -3
  6   0  -4
  6   1  -4
  6   2  -4
  6   3  -4
  6   3  -3
  6   3  -2
  5   3  -2
  5   3  -3
  5   4  -3
  5   4  -2
  6   4  -2
  6   4  -3
  6   4  -4
  5   4  -4
  4   4  -4
  4   4  -3
  4   4  -2
  4   4  -1
  3   4  -1
  2   4  -1
  1   4  -1
  1   4  -2
  2   4  -2
  2   4  -3
  3   4  -3
  3   4  -4
  2   4  -4
  2   4  -5
  3   4  -5
  4   4  -5
  5   4  -5
  6   4  -5
  6   3  -5
  5   3  -5
  5   2  -5
  6   2  -5
  6   1  -5
  6   0  -5
  5   0  -5
  5   1  -5
  4   1  -5
  3   1  -5
  3   2  -5
  2   2  -5
  2   3  -5
  3   3  -5
  4   3  -5
  4   2  -5
  4   2  -6
  3   2  -6
  2   2  -6
  2   3  -6
  3   3  -6
  4   3  -6
  4   4  -6
  3   4  -6
  2   4  -6
  2   5  -6
  2   5  -5
  3   5  -5
  3   5  -4
  2   5  -4
  2   5  -3
  3   5  -3
  4   5  -3
  4   5  -4
  4   5  -5
  5   5  -5
  6   5  -5
  6   5  -4
  6   5  -3
  5   5  -3
  5   5  -2
  6   5  -2
  7   5  -2
  7   4  -2
  7   4  -3
  7   5  -3
  7   5  -4
  7   4  -4
  7   3  -4
  7   3  -3
  7   3  -2
  7   2  -2
  7   2  -1
  7   3  -1
  6   3  -1
  6   4  -1
  6   5  -1
  5   5  -1
  5   4  -1
  5   3  -1
  5   3   0
  6   3   0
  6   3   1
  5   3   1
  5   3   2
  5   2   2
  5   2   3
  5   1   3
  5   1   2
  5   0   2
  5   0   3
  6   0   3
  6   1   3
  6   2   3
  6   2   2
  6   1   2
  6   0   2
  7   0   2
  7   1   2
  7   1   1
  7   1   0
  7   1  -1
  7   1  -2
  7   1  -3
  7   2  -3
  7   2  -4
  7   1  -4
  7   0  -4
  7   0  -3
  7   0  -2
  7   0  -1
  7   0   0
  7   0   1
  7  -1   1
  7  -1   0
  7  -1  -1
  6  -1  -1
  6  -1   0
  6  -1   1
  6  -1   2
  6  -1   3
  5  -1   3
  5  -1   2
  4  -1   2
  4  -1   3
  4  -1   4
  4   0   4
  5   0   4
  5  -1   4
  6  -1   4
  6   0   4
  6   1   4
  5   1   4
  4   1   4
  4   2   4
  5   2   4
  6   2   4
  6   3   4
  5   3   4
  4   3   4
  4   3   3
  5   3   3
  6   3   3
  6   3   2
  7   3   2
  7   2   2
  7   2   3
  7   1   3
  7   1   4
  7   0   4
  7   0   3
  7  -1   3
  7  -1   4
  8  -1   4
  8  -1   3
  8   0   3
  8   0   2
  8   1   2
  8   1   3
  8   1   4
  8   0   4
  8   0   5
  8  -1   5
  7  -1   5
  7   0   5
  7   1   5
  6   1   5
  6   2   5
  6   3   5
  5   3   5
  4   3   5
  4   2   5
  5   2   5
  5   1   5
  4   1   5
  4   0   5
  5   0   5
  5  -1   5
  4  -1   5
  3  -1   5
  3  -1   4
  3  -2   4
  3  -2   5
  4  -2   5
  5  -2   5
  5  -2   4
  5  -2   3
  5  -3   3
  5  -3   4
  4  -3   4
  3  -3   4
  2  -3   4
  2  -2   4
  2  -1   4
  2  -1   5
  2  -2   5
  2  -3   5
  3  -3   5
  4  -3   5
  5  -3   5
  5  -3   6
  5  -2   6
  5  -1   6
  5   0   6
  4   0   6
  4  -1   6
  4  -2   6
  4  -3   6
  3  -3   6
  3  -2   6
  3  -1   6
  2  -1   6
  2  -2   6
  2  -3   6
  1  -3   6
  1  -2   6
  1  -1   6
  1  -1   5
  1  -2   5
  1  -3   5
  1  -3   4
  1  -2   4
  1  -1   4
  1   0   4
  1   0   5
  2   0   5
  2   0   4
  3   0   4
  3   0   5
  3   1   5
  2   1   5
  2   1   4
  3   1   4
  3   2   4
  3   2   5
  2   2   5
  2   2   4
  1   2   4
  1   1   4
  1   1   5
  1   2   5
  1   3   5
  1   3   4
  2   3   4
  3   3   4
  3   3   5
  2   3   5
  2   4   5
  2   4   4
  3   4   4
  4   4   4
  5   4   4
  5   4   3
  4   4   3
  4   4   2
  4   4   1
  4   4   0
  5   4   0
  5   4   1
  5   4   2
  6   4   2
  6   4   3
  6   4   4
  6   4   5
  5   4   5
  4   4   5
  3   4   5
  3   4   6
  2   4   6
  2   3   6
  1   3   6
  1   2   6
  2   2   6
  3   2   6
  3   3   6
  4   3   6
  4   2   6
  4   1   6
  3   1   6
  2   1   6
  1   1   6
  1   0   6
  2   0   6
  3   0   6
  3   0   7
  4   0   7
  4  -1   7
  5  -1   7
  5   0   7
  6   0   7
  6  -1   7
  6  -1   6
  6  -1   5
  6   0   5
  6   0   6
  7   0   6
  7  -1   6
  8  -1   6
  8   0   6
  8   0   7
  7   0   7
  7  -1   7
  8  -1   7
  9  -1   7
  9   0   7
  9   0   6
  9  -1   6
  9  -1   5
  9   0   5
  9   0   4
  9  -1   4
  9  -1   3
  9   0   3
  9   0   2
  9  -1   2
  8  -1   2
  7  -1   2
  7  -2   2
  7  -2   3
  6  -2   3
  6  -2   2
  5  -2   2
  5  -2   1
  6  -2   1
  6  -2   0
  5  -2   0
  5  -1   0
  5  -1  -1
  5  -1  -2
  5  -1  -3
  5  -1  -4
  6  -1  -4
  6  -1  -3
  7  -1  -3
  7  -1  -2
  6  -1  -2
  6  -2  -2
  6  -2  -1
  7  -2  -1
  7  -2  -2
  7  -2  -3
  6  -2  -3
  6  -2  -4
  5  -2  -4
  5  -2  -3
  5  -3  -3
  6  -3  -3
  6  -3  -4
  5  -3  -4
  4  -3  -4
  3  -3  -4
  3  -2  -4
  2  -2  -4
  2  -3  -4
  2  -4  -4
  2  -5  -4
  3  -5  -4
  3  -4  -4
  4  -4  -4
  5  -4  -4
  5  -4  -3
  5  -4  -2
  5  -3  -2
  5  -3  -1
  6  -3  -1
  6  -3  -2
  6  -4  -2
  6  -4  -3
  6  -4  -4
  6  -5  -4
  6  -5  -3
  5  -5  -3
  5  -5  -4
  4  -5  -4
  4  -5  -5
  5  -5  -5
  6  -5  -5
  6  -4  -5
  6  -3  -5
  6  -2  -5
  6  -1  -5
  5  -1  -5
  5  -2  -5
  5  -3  -5
  5  -4  -5
  4  -4  -5
  4  -3  -5
  3  -3  -5
  2  -3  -5
  2  -2  -5
  3  -2  -5
  4  -2  -5
  4  -1  -5
  4   0  -5
  3   0  -5
  3  -1  -5
  2  -1  -5
  2   0  -5
  2   1  -5
  2   1  -6
  2   0  -6
  3   0  -6
  3   1  -6
  4   1  -6
  5   1  -6
  5   2  -6
  6   2  -6
  6   1  -6
  6   0  -6
  6  -1  -6
  5  -1  -6
  5   0  -6
  4   0  -6
  4  -1  -6
  3  -1  -6
  2  -1  -6
  2  -2  -6
  3  -2  -6
  3  -3  -6
  2  -3  -6
  2  -4  -6
  2  -4  -5
  2  -5  -5
  3  -5  -5
  3  -4  -5
  3  -4  -6
  4  -4  -6
  4  -5  -6
  3  -5  -6
  2  -5  -6
  1  -5  -6
  1  -4  -6
  1  -3  -6
  1  -2  -6
  1  -1  -6
  1  -1  -5
  1  -2  -5
  1  -3  -5
  1  -3  -4
  1  -4  -4
  1  -4  -5
  1  -5  -5
  1  -5  -4
  1  -5  -3
  1  -4  -3
  1  -3  -3
  0  -3  -3
  0  -4  -3
  0  -5  -3
  0  -6  -3
  0  -7  -3
  0  -8  -3
  1  -8  -3
  2  -8  -3
  2  -9  -3
  1  -9  -3
  0  -9  -3
  0 -10  -3
  1 -10  -3
  1 -11  -3
  0 -11  -3
 -1 -11  -3
 -2 -11  -3
 -2 -10  -3
 -1 -10  -3
 -1  -9  -3
 -2  -9  -3
 -3  -9  -3
 -3  -9  -2
 -3  -9  -1
 -3  -9   0
 -3  -8   0
 -3  -7   0
 -3  -6   0
 -3  -5   0
 -3  -4   0
 -3  -3   0
 -3  -3   1
 -3  -3   2
 -3  -3   3
 -3  -2   3
 -3  -2   2
 -3  -1   2
 -3   0   2
 -3   0   1
 -3  -1   1
 -3  -2   1
 -3  -2   0
 -3  -2  -1
 -3  -1  -1
 -3  -1  -2
 -3  -2  -2
 -3  -3  -2
 -3  -3  -1
 -3  -4  -1
 -3  -5  -1
 -2  -5  -1
 -1  -5  -1
 -1  -4  -1
 -1  -4  -2
 -1  -5  -2
 -1  -6  -2
 -1  -7  -2
 -1  -8  -2
 -1  -8  -1
 -1  -7  -1
 -2  -7  -1
 -2  -8  -1
 -2  -8  -2
 -2  -8  -3
 -3  -8  -3
 -3  -8  -2
 -3  -8  -1
 -3  -7  -1
 -3  -7  -2
 -3  -7  -3
 -2  -7  -3
 -2  -7  -2
 -2  -6  -2
 -3  -6  -2
 -3  -6  -1
 -2  -6  -1
 -1  -6  -1
 -2  -6  -1
 -2  -5  -1
 -2  -5  -2
 -3  -5  -2
 -3  -4  -2
 -2  -4  -2
 -2  -4  -1
 -3  -4  -1
 -4  -4  -1
 -4  -5  -1
 -4  -6  -1
 -4  -6   0
 -4  -7   0
 -4  -8   0
 -4  -9   0
 -4  -9  -1
 -4  -8  -1
 -4  -7  -1
 -4  -7  -2
 -4  -6  -2
 -4  -5  -2
 -4  -4  -2
 -4  -3  -2
 -4  -3  -1
 -4  -2  -1
 -4  -2   0
 -4  -2   1
 -4  -3   1
 -4  -3   0
 -4  -4   0
 -4  -5   0
 -5  -5   0
 -5  -4   0
 -5  -4  -1
 -5  -5  -1
 -5  -5  -2
 -5  -4  -2
 -5  -3  -2
 -5  -3  -1
 -5  -3   0
 -5  -2   0
 -5  -2  -1
 -5  -2  -2
 -4  -2  -2
 -4  -1  -2
 -5  -1  -2
 -5  -1  -1
 -5  -1   0
 -4  -1   0
 -4  -1  -1
 -4   0  -1
 -5   0  -1
 -5   0  -2
 -4   0  -2
 -3   0  -2
 -3   0  -1
 -3   0   0
 -3  -1   0
 -2  -1   0
 -1  -1   0
 -1  -2   0
 -1  -2   1
 -1  -3   1
 -1  -4   1
 -2  -4   1
 -2  -5   1
 -1  -5   1
  0  -5   1
  1  -5   1
  1  -4   1
  0  -4   1
  0  -4   2
  0  -5   2
  1  -5   2
  1  -4   2
  2  -4   2
  2  -4   1
  3  -4   1
  3  -5   1
  2  -5   1
  2  -6   1
  2  -6   0
  2  -7   0
  3  -7   0
  3  -6   0
  3  -6  -1
  3  -6  -2
  3  -7  -2
  3  -7  -1
  3  -8  -1
  3  -8   0
  3  -8   1
  3  -9   1
  3  -9   0
  3  -9  -1
  3  -9  -2
  3  -8  -2
  3  -8  -3
  3  -9  -3
  3  -9  -4
  2  -9  -4
  2  -8  -4
  3  -8  -4
  3  -7  -4
  3  -7  -3
  3  -6  -3
  2  -6  -3
  1  -6  -3
  1  -6  -4
  2  -6  -4
  3  -6  -4
  4  -6  -4
  4  -7  -4
  4  -8  -4
  4  -9  -4
  4  -9  -3
  4  -8  -3
  4  -7  -3
  4  -7  -2
  4  -8  -2
  4  -8  -1
  4  -9  -1
  4  -9  -2
  4 -10  -2
  4 -10  -3
  3 -10  -3
  3 -10  -2
  2 -10  -2
  2 -10  -3
  2 -10  -4
  1 -10  -4
  1 -11  -4
  0 -11  -4
  0 -12  -4
  1 -12  -4
  1 -13  -4
  0 -13  -4
 -1 -13  -4
 -1 -12  -4
 -1 -11  -4
 -2 -11  -4
 -2 -12  -4
 -2 -13  -4
 -3 -13  -4
 -3 -13  -3
 -3 -13  -2
 -3 -13  -1
 -3 -12  -1
 -3 -11  -1
 -3 -11  -2
 -3 -11  -3
 -3 -12  -3
 -3 -12  -4
 -3 -11  -4
 -3 -11  -5
 -3 -12  -5
 -2 -12  -5
 -2 -13  -5
 -1 -13  -5
  0 -13  -5
  1 -13  -5
  1 -12  -5
  0 -12  -5
 -1 -12  -5
 -1 -11  -5
 -2 -11  -5
 -2 -11  -6
 -3 -11  -6
 -3 -12  -6
 -2 -12  -6
 -1 -12  -6
 -1 -13  -6
 -2 -13  -6
 -3 -13  -6
 -3 -13  -5
 -3 -14  -5
 -2 -14  -5
 -2 -14  -4
 -3 -14  -4
 -3 -14  -3
 -3 -14  -2
 -2 -14  -2
 -2 -14  -3
 -1 -14  -3
 -1 -14  -2
 -1 -14  -1
  0 -14  -1
  1 -14  -1
  1 -14  -2
  1 -14  -3
  0 -14  -3
  0 -14  -2
  0 -15  -2
  1 -15  -2
  1 -15  -3
  0 -15  -3
 -1 -15  -3
 -2 -15  -3
 -3 -15  -3
 -3 -15  -2
 -2 -15  -2
 -1 -15  -2
 -1 -15  -1
 -2 -15  -1
 -3 -15  -1
 -3 -14  -1
 -2 -14  -1
 -2 -14   0
 -2 -14   1
 -1 -14   1
 -1 -14   0
 -1 -15   0
 -1 -15   1
 -2 -15   1
 -2 -15   0
 -3 -15   0
 -3 -14   0
 -3 -13   0
 -3 -13   1
 -3 -14   1
 -3 -15   1
 -3 -16   1
 -3 -16   0
 -2 -16   0
 -1 -16   0
 -1 -16  -1
 -2 -16  -1
 -3 -16  -1
 -3 -16  -2
 -3 -16  -3
 -2 -16  -3
 -2 -16  -2
 -1 -16  -2
  0 -16  -2
  1 -16  -2
  1 -16  -3
  0 -16  -3
 -1 -16  -3
 -1 -16  -4
 -1 -15  -4
 -2 -15  -4
 -2 -16  -4
 -3 -16  -4
 -3 -15  -4
 -3 -15  -5
 -3 -16  -5
 -2 -16  -5
 -1 -16  -5
 -1 -15  -5
 -2 -15  -5
 -2 -15  -6
 -1 -15  -6
 -1 -16  -6
 -2 -16  -6
 -3 -16  -6
 -3 -15  -6
 -3 -14  -6
 -2 -14  -6
 -1 -14  -6
 -1 -14  -5
 -1 -14  -4
  0 -14  -4
  0 -14  -5
  0 -14  -6
  0 -13  -6
  0 -12  -6
  1 -12  -6
  1 -13  -6
  1 -14  -6
  1 -14  -5
  1 -14  -4
  1 -15  -4
  0 -15  -4
  0 -15  -5
  0 -15  -6
  1 -15  -6
  1 -15  -5
  2 -15  -5
  2 -15  -6
  2 -14  -6
  2 -14  -5
  2 -14  -4
  2 -13  -4
  2 -12  -4
  2 -12  -5
  2 -13  -5
  2 -13  -6
  2 -12  -6
  2 -12  -7
  2 -13  -7
  1 -13  -7
  1 -12  -7
  0 -12  -7
  0 -13  -7
  0 -14  -7
  0 -15  -7
  1 -15  -7
  1 -14  -7
  2 -14  -7
  2 -15  -7
  2 -15  -8
  2 -14  -8
  1 -14  -8
  1 -13  -8
  0 -13  -8
  0 -12  -8
  1 -12  -8
  2 -12  -8
  2 -13  -8
  3 -13  -8
  3 -12  -8
  3 -12  -7
  3 -12  -6
  3 -12  -5
  3 -13  -5
  3 -13  -4
  3 -12  -4
  3 -12  -3
  2 -12  -3
  2 -13  -3
  3 -13  -3
  4 -13  -3
  4 -12  -3
  4 -11  -3
  4 -11  -2
  4 -12  -2
  3 -12  -2
  3 -11  -2
  3 -11  -3
  2 -11  -3
  2 -11  -4
  3 -11  -4
  3 -11  -5
  2 -11  -5
  1 -11  -5
  0 -11  -5
  0 -11  -6
 -1 -11  -6
 -1 -10  -6
 -2 -10  -6
 -2 -10  -5
 -2 -10  -4
 -1 -10  -4
 -1  -9  -4
 -2  -9  -4
 -2  -8  -4
 -1  -8  -4
  0  -8  -4
  1  -8  -4
  1  -9  -4
  0  -9  -4
  0 -10  -4
  0 -10  -5
  1 -10  -5
  2 -10  -5
  3 -10  -5
  3 -10  -4
  4 -10  -4
  4 -11  -4
  4 -12  -4
  4 -13  -4
  4 -13  -5
  4 -12  -5
  4 -11  -5
  4 -10  -5
  4  -9  -5
  4  -8  -5
  3  -8  -5
  3  -9  -5
  2  -9  -5
  2  -8  -5
  1  -8  -5
  1  -9  -5
  0  -9  -5
 -1  -9  -5
 -1 -10  -5
  0 -10  -5
  0 -10  -6
  1 -10  -6
  1 -11  -6
  1 -11  -7
  1 -10  -7
  0 -10  -7
  0 -11  -7
  0 -11  -8
  1 -11  -8
  2 -11  -8
  2 -11  -7
  2 -10  -7
  2 -10  -6
  2 -11  -6
  3 -11  -6
  3 -11  -7
  3 -11  -8
  4 -11  -8
  4 -11  -7
  4 -12  -7
  4 -12  -6
  4 -13  -6
  3 -13  -6
  3 -13  -7
  4 -13  -7
  4 -13  -8
  4 -12  -8
  4 -12  -9
  3 -12  -9
  2 -12  -9
  2 -11  -9
  1 -11  -9
  1 -12  -9
  1 -13  -9
  1 -14  -9
  2 -14  -9
  2 -13  -9
  3 -13  -9
  4 -13  -9
  5 -13  -9
  5 -13  -8
  5 -12  -8
  5 -12  -9
  6 -12  -9
  6 -13  -9
  6 -13  -8
  6 -12  -8
  6 -11  -8
  5 -11  -8
  5 -11  -9
  6 -11  -9
  6 -11 -10
  6 -12 -10
  6 -13 -10
  5 -13 -10
  5 -12 -10
  5 -11 -10
  5 -11 -11
  6 -11 -11
  6 -12 -11
  5 -12 -11
  5 -13 -11
  6 -13 -11
  6 -13 -12
  6 -12 -12
  6 -11 -12
  5 -11 -12
  5 -12 -12
  5 -13 -12
  4 -13 -12
  4 -13 -11
  4 -13 -10
  4 -12 -10
  4 -11 -10
  4 -11  -9
  3 -11  -9
  3 -11 -10
  3 -12 -10
  2 -12 -10
  2 -11 -10
  1 -11 -10
  1 -12 -10
  1 -13 -10
  1 -14 -10
  2 -14 -10
  2 -13 -10
  3 -13 -10
  3 -13 -11
  2 -13 -11
  2 -12 -11
  3 -12 -11
  4 -12 -11
  4 -12 -12
  4 -11 -12
  4 -11 -11
  3 -11 -11
  3 -11 -12
  3 -12 -12
  3 -13 -12
  2 -13 -12
  2 -12 -12
  2 -11 -12
  2 -11 -11
  1 -11 -11
  1 -12 -11
  1 -13 -11
  1 -13 -12
  1 -12 -12
  1 -11 -12
  0 -11 -12
  0 -12 -12
  0 -12 -11
  0 -11 -11
  0 -11 -10
  0 -11  -9
  0 -12  -9
  0 -12 -10
  0 -13 -10
  0 -13  -9
  0 -14  -9
  0 -14 -10
  0 -14 -11
  0 -13 -11
  0 -13 -12
  0 -14 -12
  1 -14 -12
  1 -14 -11
  2 -14 -11
  2 -14 -12
  3 -14 -12
  3 -14 -11
  3 -14 -10
  4 -14 -10
  4 -14 -11
  4 -14 -12
  5 -14 -12
  6 -14 -12
  6 -14 -11
  5 -14 -11
  5 -14 -10
  6 -14 -10
  6 -14  -9
  5 -14  -9
  4 -14  -9
  3 -14  -9
  3 -14  -8
  4 -14  -8
  5 -14  -8
  6 -14  -8
  6 -15  -8
  5 -15  -8
  5 -15  -9
  5 -15 -10
  5 -15 -11
  5 -15 -12
  4 -15 -12
  4 -15 -11
  3 -15 -11
  3 -15 -12
  2 -15 -12
  1 -15 -12
  0 -15 -12
  0 -15 -11
  0 -15 -10
  1 -15 -10
  1 -15  -9
  2 -15  -9
  3 -15  -9
  3 -15  -8
  4 -15  -8
  4 -15  -9
  4 -15 -10
  3 -15 -10
  2 -15 -10
  2 -15 -11
  1 -15 -11
  1 -16 -11
  1 -16 -12
  2 -16 -12
  2 -16 -11
  3 -16 -11
  3 -16 -12
  4 -16 -12
  4 -16 -11
  5 -16 -11
  5 -16 -12
  6 -16 -12
  6 -16 -11
  6 -15 -11
  6 -15 -12
  6 -15 -13
  6 -14 -13
  5 -14 -13
  5 -13 -13
  6 -13 -13
  6 -12 -13
  5 -12 -13
  4 -12 -13
  4 -13 -13
  4 -14 -13
  4 -15 -13
  5 -15 -13
  5 -16 -13
  4 -16 -13
  3 -16 -13
  2 -16 -13
  2 -15 -13
  3 -15 -13
  3 -14 -13
  2 -14 -13
  2 -13 -13
  3 -13 -13
  3 -12 -13
  2 -12 -13
  1 -12 -13
  0 -12 -13
  0 -13 -13
  0 -14 -13
  1 -14 -13
  1 -13 -13
  1 -13 -14
  1 -14 -14
  0 -14 -14
  0 -13 -14
  0 -12 -14
  1 -12 -14
  2 -12 -14
  2 -13 -14
  3 -13 -14
  3 -12 -14
  4 -12 -14
  4 -13 -14
  5 -13 -14
  5 -14 -14
  4 -14 -14
  4 -15 -14
  3 -15 -14
  3 -16 -14
  2 -16 -14
  2 -15 -14
  2 -14 -14
  3 -14 -14
  3 -14 -15
  4 -14 -15
  4 -15 -15
  3 -15 -15
  2 -15 -15
  2 -14 -15
  1 -14 -15
  1 -13 -15
  2 -13 -15
  3 -13 -15
  4 -13 -15
  5 -13 -15
  5 -14 -15
  5 -15 -15
  5 -15 -14
  5 -16 -14
  4 -16 -14
  4 -16 -15
  3 -16 -15
  2 -16 -15
  2 -16 -16
  3 -16 -16
  4 -16 -16
  4 -15 -16
  5 -15 -16
  5 -16 -16
  5 -16 -15
  5 -17 -15
  5 -17 -16
  4 -17 -16
  3 -17 -16
  3 -17 -15
  3 -17 -14
  3 -17 -13
  3 -17 -12
  3 -17 -11
  4 -17 -11
  5 -17 -11
  5 -17 -12
  5 -17 -13
  5 -17 -14
  4 -17 -14
  4 -17 -13
  4 -17 -12
  4 -18 -12
  4 -18 -11
  3 -18 -11
  3 -18 -12
  3 -18 -13
  4 -18 -13
  5 -18 -13
  5 -18 -12
  5 -18 -11
  5 -18 -10
  4 -18 -10
  3 -18 -10
  3 -17 -10
  4 -17 -10
  5 -17 -10
  5 -16 -10
  4 -16 -10
  3 -16 -10
  3 -16  -9
  2 -16  -9
  2 -16  -8
  3 -16  -8
  4 -16  -8
  5 -16  -8
  6 -16  -8
  7 -16  -8
  7 -15  -8
  7 -14  -8
  7 -13  -8
  7 -12  -8
  7 -11  -8
  7 -11  -9
  7 -11 -10
  7 -11 -11
  7 -11 -12
  7 -12 -12
  7 -13 -12
  7 -13 -11
  7 -14 -11
  7 -14 -12
  7 -14 -13
  7 -15 -13
  7 -15 -12
  7 -16 -12
  7 -16 -13
  6 -16 -13
  6 -16 -14
  7 -16 -14
  7 -15 -14
  6 -15 -14
  6 -14 -14
  7 -14 -14
  7 -13 -14
  7 -13 -13
  7 -12 -13
  7 -11 -13
  6 -11 -13
  5 -11 -13
  4 -11 -13
  3 -11 -13
  2 -11 -13
  1 -11 -13
  0 -11 -13
  0 -11 -14
  1 -11 -14
  2 -11 -14
  3 -11 -14
  4 -11 -14
  5 -11 -14
  5 -12 -14
  5 -12 -15
  4 -12 -15
  3 -12 -15
  2 -12 -15
  1 -12 -15
  0 -12 -15
  0 -11 -15
  1 -11 -15
  2 -11 -15
  3 -11 -15
  4 -11 -15
  5 -11 -15
  6 -11 -15
  6 -12 -15
  6 -13 -15
  6 -13 -14
  6 -12 -14
  6 -11 -14
  7 -11 -14
  7 -12 -14
  7 -12 -15
  7 -13 -15
  7 -14 -15
  7 -15 -15
  6 -15 -15
  6 -14 -15
  6 -14 -16
  6 -13 -16
  5 -13 -16
  4 -13 -16
  4 -12 -16
  5 -12 -16
  6 -12 -16
  7 -12 -16
  7 -13 -16
  7 -14 -16
  7 -15 -16
  6 -15 -16
  6 -16 -16
  6 -16 -15
  6 -17 -15
  6 -17 -16
  6 -17 -17
  5 -17 -17
  5 -16 -17
  6 -16 -17
  6 -15 -17
  5 -15 -17
  4 -15 -17
  4 -16 -17
  4 -17 -17
  3 -17 -17
  3 -16 -17
  3 -15 -17
  3 -15 -16
  3 -14 -16
  4 -14 -16
  5 -14 -16
  5 -14 -17
  4 -14 -17
  4 -13 -17
  4 -12 -17
  5 -12 -17
  5 -13 -17
  6 -13 -17
  6 -14 -17
  7 -14 -17
  7 -13 -17
  7 -12 -17
  6 -12 -17
  6 -12 -18
  7 -12 -18
  7 -13 -18
  6 -13 -18
  6 -14 -18
  7 -14 -18
  8 -14 -18
  8 -14 -17
  8 -13 -17
  8 -13 -18
  8 -12 -18
  8 -12 -17
  8 -12 -16
  8 -13 -16
  8 -14 -16
  8 -15 -16
  8 -15 -15
  8 -14 -15
  8 -13 -15
  8 -12 -15
  8 -12 -14
  8 -13 -14
  8 -14 -14
  8 -15 -14
  8 -16 -14
  8 -16 -13
  8 -15 -13
  8 -14 -13
  8 -14 -12
  8 -15 -12
  8 -16 -12
  9 -16 -12
  9 -16 -13
  9 -16 -14
  9 -15 -14
  9 -14 -14
  9 -13 -14
  9 -13 -15
  9 -14 -15
  9 -15 -15
  9 -15 -16
  9 -14 -16
  9 -13 -16
  9 -12 -16
  9 -12 -15
  9 -12 -14
 10 -12 -14
 10 -12 -15
 10 -12 -16
 10 -13 -16
 10 -13 -15
 10 -13 -14
 10 -14 -14
 10 -14 -15
 10 -15 -15
 10 -15 -14
 10 -16 -14
 10 -16 -15
  9 -16 -15
  9 -16 -16
 10 -16 -16
 10 -15 -16
 10 -14 -16
 11 -14 -16
 11 -14 -15
 11 -13 -15
 11 -13 -14
 11 -14 -14
 11 -15 -14
 11 -16 -14
 11 -16 -15
 11 -15 -15
 11 -15 -16
 11 -16 -16
 11 -16 -17
 10 -16 -17
 10 -15 -17
 10 -14 -17
  9 -14 -17
  9 -13 -17
 10 -13 -17
 10 -12 -17
  9 -12 -17
  9 -12 -18
  9 -13 -18
  9 -14 -18
 10 -14 -18
 10 -15 -18
  9 -15 -18
  9 -15 -17
  8 -15 -17
  8 -15 -18
  7 -15 -18
  7 -15 -17
  7 -16 -17
  7 -17 -17
  7 -17 -16
  7 -16 -16
  7 -16 -15
  7 -17 -15
  7 -17 -14
  8 -17 -14
  8 -17 -15
  8 -16 -15
  8 -16 -16
  8 -16 -17
  9 -16 -17
  9 -16 -18
 10 -16 -18
 11 -16 -18
 11 -15 -18
 11 -14 -18
 11 -14 -17
 11 -15 -17
 12 -15 -17
 12 -15 -18
 12 -16 -18
 12 -16 -17
 12 -16 -16
 12 -15 -16
 12 -14 -16
 12 -14 -17
 12 -14 -18
 13 -14 -18
 13 -15 -18
 13 -16 -18
 13 -16 -17
 13 -16 -16
 13 -15 -16
 13 -15 -17
 13 -14 -17
 13 -14 -16
 14 -14 -16
 14 -15 -16
 14 -15 -17
 14 -14 -17
 14 -14 -18
 14 -15 -18
 14 -16 -18
 14 -16 -17
 14 -16 -16
 15 -16 -16
 15 -15 -16
 15 -15 -17
 15 -15 -18
 15 -16 -18
 15 -16 -17
 16 -16 -17
 16 -16 -16
 16 -15 -16
 16 -15 -17
 16 -15 -18
 16 -16 -18
 16 -16 -19
 15 -16 -19
 14 -16 -19
 13 -16 -19
 13 -15 -19
 13 -14 -19
 14 -14 -19
 14 -15 -19
 15 -15 -19
 16 -15 -19
 16 -14 -19
 15 -14 -19
 15 -14 -18
 16 -14 -18
 16 -14 -17
 15 -14 -17
 15 -14 -16
 16 -14 -16
 17 -14 -16
 17 -15 -16
 17 -15 -17
 17 -16 -17
 17 -16 -18
 17 -16 -19
 17 -15 -19
 17 -15 -18
 17 -14 -18
 17 -14 -17
 18 -14 -17
 18 -15 -17
 18 -16 -17
 18 -16 -18
 18 -15 -18
 18 -15 -19
 18 -16 -19
 18 -16 -20
 17 -16 -20
 17 -15 -20
 18 -15 -20
 18 -15 -21
 18 -16 -21
 17 -16 -21
 17 -15 -21
 17 -14 -21
 17 -14 -20
 17 -14 -19
 18 -14 -19
 18 -14 -18
 19 -14 -18
 19 -14 -17
 19 -15 -17
 19 -15 -18
 19 -15 -19
 19 -15 -20
 19 -16 -20
 19 -16 -21
 19 -15 -21
 19 -14 -21
 18 -14 -21
 18 -14 -20
 19 -14 -20
 19 -14 -19
 19 -13 -19
 19 -13 -20
 18 -13 -20
 18 -13 -19
 17 -13 -19
 17 -13 -20
 17 -13 -21
 18 -13 -21
 19 -13 -21
 19 -12 -21
 18 -12 -21
 17 -12 -21
 17 -12 -20
 18 -12 -20
 18 -12 -19
 17 -12 -19
 17 -11 -19
 18 -11 -19
 18 -11 -20
 17 -11 -20
 17 -11 -21
 18 -11 -21
 19 -11 -21
 19 -11 -20
 19 -12 -20
 19 -12 -19
 19 -11 -19
 19 -10 -19
 19 -10 -20
 18 -10 -20
 18 -10 -19
 17 -10 -19
 17 -10 -20
 17 -10 -21
 18 -10 -21
 19 -10 -21
 20 -10 -21
 20 -11 -21
 20 -11 -20
 20 -10 -20
 20 -10 -19
 20 -11 -19
 20 -12 -19
 20 -12 -20
 20 -12 -21
 20 -13 -21
 20 -13 -20
 20 -13 -19
 20 -14 -19
 20 -14 -18
 20 -15 -18
 20 -15 -19
 20 -15 -20
 20 -16 -20
 20 -16 -19
 19 -16 -19
 19 -16 -18
 19 -16 -17
 20 -16 -17
 20 -15 -17
 20 -14 -17
 21 -14 -17
 21 -14 -18
 21 -15 -18
 21 -15 -17
 21 -16 -17
 21 -16 -18
 20 -16 -18
 20 -17 -18
 20 -17 -17
 21 -17 -17
 21 -17 -18
 21 -17 -19
 20 -17 -19
 20 -17 -20
 21 -17 -20
 21 -16 -20
 21 -16 -19
 21 -15 -19
 21 -15 -20
 22 -15 -20
 22 -15 -19
 22 -15 -18
 22 -14 -18
 22 -14 -17
 22 -15 -17
 22 -16 -17
 22 -16 -18
 22 -17 -18
 22 -17 -19
 22 -16 -19
 22 -16 -20
 22 -17 -20
 22 -17 -21
 21 -17 -21
 21 -16 -21
 20 -16 -21
 20 -15 -21
 20 -14 -21
 20 -14 -20
 21 -14 -20
 21 -14 -19
 22 -14 -19
 22 -14 -20
 22 -14 -21
 21 -14 -21
 21 -13 -21
 21 -13 -20
 22 -13 -20
 22 -13 -19
 22 -13 -18
 22 -13 -17
 21 -13 -17
 21 -13 -18
 20 -13 -18
 19 -13 -18
 18 -13 -18
 18 -12 -18
 18 -11 -18
 18 -10 -18
 19 -10 -18
 19 -11 -18
 19 -12 -18
 20 -12 -18
 20 -11 -18
 20 -10 -18
 20  -9 -18
 20  -9 -19
 19  -9 -19
 19  -9 -20
 18  -9 -20
 18  -9 -19
 17  -9 -19
 17  -9 -20
 17  -9 -21
 18  -9 -21
 19  -9 -21
 20  -9 -21
 20  -9 -20
 20  -8 -20
 20  -8 -21
 19  -8 -21
 19  -8 -20
 19  -8 -19
 20  -8 -19
 20  -8 -18
 19  -8 -18
 19  -9 -18
 18  -9 -18
 17  -9 -18
 17 -10 -18
 17 -11 -18
 17 -12 -18
 17 -13 -18
 17 -13 -17
 18 -13 -17
 19 -13 -17
 20 -13 -17
 20 -12 -17
 20 -11 -17
 19 -11 -17
 19 -10 -17
 18 -10 -17
 18 -11 -17
 18 -12 -17
 19 -12 -17
 19 -12 -16
 19 -11 -16
 20 -11 -16
 20 -12 -16
 20 -13 -16
 20 -14 -16
 20 -15 -16
 20 -16 -16
 19 -16 -16
 19 -15 -16
 18 -15 -16
 18 -16 -16
 17 -16 -16
 17 -17 -16
 18 -17 -16
 19 -17 -16
 20 -17 -16
 21 -17 -16
 21 -16 -16
 21 -15 -16
 21 -14 -16
 22 -14 -16
 22 -13 -16
 21 -13 -16
 21 -12 -16
 22 -12 -16
 22 -12 -17
 21 -12 -17
 21 -12 -18
 21 -11 -18
 21 -11 -17
 22 -11 -17
 22 -11 -16
 21 -11 -16
 21 -11 -15
 20 -11 -15
 20 -12 -15
 21 -12 -15
 21 -13 -15
 21 -14 -15
 22 -14 -15
 22 -13 -15
 22 -12 -15
 22 -11 -15
 22 -10 -15
 21 -10 -15
 20 -10 -15
 20 -10 -16
 19 -10 -16
 19 -10 -15
 19 -11 -15
 19 -12 -15
 18 -12 -15
 18 -11 -15
 18 -11 -16
 18 -12 -16
 18 -13 -16
 19 -13 -16
 19 -14 -16
 18 -14 -16
 18 -14 -15
 19 -14 -15
 19 -15 -15
 18 -15 -15
 17 -15 -15
 16 -15 -15
 16 -14 -15
 17 -14 -15
 17 -13 -15
 18 -13 -15
 19 -13 -15
 20 -13 -15
 20 -14 -15
 20 -15 -15
 21 -15 -15
 21 -16 -15
 20 -16 -15
 19 -16 -15
 18 -16 -15
 17 -16 -15
 16 -16 -15
 15 -16 -15
 15 -15 -15
 14 -15 -15
 14 -16 -15
 13 -16 -15
 12 -16 -15
 12 -16 -14
 13 -16 -14
 14 -16 -14
 15 -16 -14
 16 -16 -14
 16 -15 -14
 16 -14 -14
 17 -14 -14
 18 -14 -14
 19 -14 -14
 19 -15 -14
 19 -16 -14
 20 -16 -14
 21 -16 -14
 21 -15 -14
 20 -15 -14
 20 -14 -14
 20 -13 -14
 19 -13 -14
 18 -13 -14
 18 -12 -14
 19 -12 -14
 19 -11 -14
 18 -11 -14
 18 -11 -13
 18 -12 -13
 19 -12 -13
 19 -11 -13
 20 -11 -13
 20 -11 -14
 20 -12 -14
 20 -12 -13
 20 -13 -13
 19 -13 -13
 18 -13 -13
 18 -14 -13
 19 -14 -13
 19 -15 -13
 20 -15 -13
 20 -14 -13
 21 -14 -13
 21 -14 -14
 21 -13 -14
 21 -12 -14
 21 -12 -13
 21 -13 -13
 22 -13 -13
 22 -12 -13
 22 -12 -14
 22 -13 -14
 22 -14 -14
 22 -14 -13
 22 -15 -13
 22 -15 -14
 22 -15 -15
 22 -15 -16
 22 -16 -16
 22 -17 -16
 22 -17 -17
 23 -17 -17
 23 -17 -16
 23 -16 -16
 23 -16 -17
 23 -16 -18
 23 -17 -18
 23 -17 -19
 23 -16 -19
 23 -15 -19
 23 -14 -19
 23 -14 -20
 23 -14 -21
 23 -14 -22
 22 -14 -22
 21 -14 -22
 21 -13 -22
 20 -13 -22
 20 -14 -22
 20 -15 -22
 19 -15 -22
 19 -14 -22
 19 -13 -22
 18 -13 -22
 18 -14 -22
 18 -15 -22
 18 -16 -22
 17 -16 -22
 17 -15 -22
 17 -14 -22
 17 -13 -22
 17 -12 -22
 18 -12 -22
 18 -11 -22
 18 -10 -22
 19 -10 -22
 19 -11 -22
 19 -12 -22
 20 -12 -22
 21 -12 -22
 21 -12 -21
 21 -12 -20
 21 -12 -19
 22 -12 -19
 22 -12 -20
 22 -12 -21
 22 -12 -22
 22 -13 -22
 22 -13 -21
 23 -13 -21
 23 -12 -21
 23 -12 -22
 23 -13 -22
 24 -13 -22
 24 -14 -22
 24 -14 -21
 24 -14 -20
 24 -14 -19
 24 -15 -19
 24 -15 -20
 24 -15 -21
 24 -15 -22
 23 -15 -22
 23 -15 -21
 23 -15 -20
 23 -16 -20
 23 -17 -20
 23 -17 -21
 23 -16 -21
 23 -16 -22
 24 -16 -22
 24 -16 -21
 24 -16 -20
 24 -16 -19
 24 -17 -19
 24 -17 -18
 24 -16 -18
 24 -15 -18
 24 -14 -18
 23 -14 -18
 23 -13 -18
 24 -13 -18
 24 -13 -19
 24 -13 -20
 23 -13 -20
 23 -12 -20
 24 -12 -20
 24 -12 -19
 24 -12 -18
 23 -12 -18
 23 -12 -19
 23 -13 -19
 23 -14 -19
 23 -15 -19
 23 -15 -18
 23 -15 -17
 23 -15 -16
 23 -15 -15
 23 -14 -15
 23 -14 -16
 23 -14 -17
 23 -13 -17
 23 -13 -16
 23 -13 -15
 23 -13 -14
 23 -12 -14
 23 -12 -15
 23 -12 -16
 23 -12 -17
 23 -11 -17
 23 -11 -16
 23 -11 -15
 23 -10 -15
 23 -10 -16
 22 -10 -16
 21 -10 -16
 21 -10 -17
 21 -10 -18
 21 -10 -19
 21 -10 -20
 21 -11 -20
 21 -11 -19
 22 -11 -19
 22 -11 -18
 22 -12 -18
 22 -12 -19
 22 -13 -19
 21 -13 -19
 22 -13 -19
 21 -13 -19
 20 -13 -19
 20 -12 -19
 21 -12 -19
 20 -12 -19
 20 -11 -19
 20 -12 -19
 20 -12 -20
 20 -12 -19
 19 -12 -19
 18 -12 -19
 17 -12 -19
 16 -12 -19
 16 -11 -19
 16 -11 -18
 16 -10 -18
 16  -9 -18
 16  -9 -19
 16 -10 -19
 16 -10 -20
 16 -11 -20
 16 -12 -20
 16 -12 -21
 16 -12 -22
 16 -13 -22
 16 -14 -22
 16 -15 -22
 16 -15 -21
 16 -14 -21
 16 -13 -21
 16 -13 -20
 16 -14 -20
 16 -15 -20
 16 -16 -20
 16 -16 -21
 16 -16 -22
 16 -16 -23
 17 -16 -23
 17 -15 -23
 16 -15 -23
 16 -14 -23
 17 -14 -23
 17 -13 -23
 16 -13 -23
 16 -12 -23
 17 -12 -23
 18 -12 -23
 18 -13 -23
 18 -14 -23
 18 -15 -23
 18 -16 -23
 18 -16 -24
 18 -15 -24
 18 -14 -24
 18 -13 -24
 17 -13 -24
 17 -14 -24
 17 -15 -24
 17 -16 -24
 16 -16 -24
 16 -15 -24
 16 -14 -24
 16 -13 -24
 16 -12 -24
 17 -12 -24
 18 -12 -24
 19 -12 -24
 19 -13 -24
 19 -14 -24
 19 -14 -23
 19 -15 -23
 19 -15 -24
 19 -16 -24
 19 -16 -23
 19 -16 -22
 20 -16 -22
 21 -16 -22
 21 -15 -22
 22 -15 -22
 22 -16 -22
 22 -16 -21
 22 -15 -21
 21 -15 -21
 21 -16 -21
 22 -16 -21
 22 -16 -22
 22 -17 -22
 21 -17 -22
 20 -17 -22
 19 -17 -22
 19 -17 -23
 20 -17 -23
 20 -16 -23
 20 -15 -23
 20 -14 -23
 20 -14 -24
 20 -15 -24
 20 -16 -24
 20 -17 -24
 19 -17 -24
 18 -17 -24
 18 -17 -23
 18 -17 -22
 18 -17 -21
 19 -17 -21
 20 -17 -21
 20 -18 -21
 20 -18 -20
 21 -18 -20
 22 -18 -20
 22 -18 -21
 21 -18 -21
 21 -18 -22
 20 -18 -22
 20 -18 -23
 20 -18 -24
 19 -18 -24
 19 -18 -23
 18 -18 -23
 18 -18 -24
 17 -18 -24
 17 -18 -23
 17 -17 -23
 17 -17 -24
 16 -17 -24
 16 -17 -23
 16 -18 -23
 16 -18 -24
 15 -18 -24
 15 -17 -24
 15 -16 -24
 15 -15 -24
 15 -14 -24
 15 -13 -24
 15 -12 -24
 15 -12 -23
 15 -13 -23
 15 -14 -23
 15 -14 -22
 15 -14 -21
 15 -13 -21
 15 -13 -22
 15 -12 -22
 15 -12 -21
 15 -12 -20
 15 -11 -20
 15 -11 -21
 15 -11 -22
 16 -11 -22
 16 -11 -21
 16 -10 -21
 16 -10 -22
 17 -10 -22
 17 -11 -22
 17 -11 -23
 17 -11 -24
 18 -11 -24
 19 -11 -24
 19 -11 -23
 18 -11 -23
 18 -10 -23
 19 -10 -23
 19 -10 -24
 18 -10 -24
 17 -10 -24
 17 -10 -23
 16 -10 -23
 16 -11 -23
 15 -11 -23
 15 -11 -24
 16 -11 -24
 16 -10 -24
 15 -10 -24
 15 -10 -23
 15 -10 -22
 15 -10 -21
 15 -10 -20
 15 -10 -19
 15 -11 -19
 15 -12 -19
 15 -13 -19
 15 -13 -20
 15 -14 -20
 15 -15 -20
 15 -15 -21
 15 -15 -22
 15 -15 -23
 15 -16 -23
 15 -16 -22
 15 -16 -21
 15 -16 -20
 14 -16 -20
 13 -16 -20
 13 -15 -20
 14 -15 -20
 14 -15 -21
 14 -14 -21
 14 -14 -22
 14 -15 -22
 14 -15 -23
 14 -16 -23
 14 -16 -22
 14 -16 -21
 13 -16 -21
 13 -15 -21
 13 -15 -22
 13 -14 -22
 13 -14 -21
 13 -14 -20
 14 -14 -20
 14 -13 -20
 14 -13 -21
 14 -13 -22
 13 -13 -22
 13 -13 -21
 13 -13 -20
 13 -13 -19
 14 -13 -19
 14 -12 -19
 14 -11 -19
 14 -10 -19
 14 -10 -20
 14 -10 -21
 14 -10 -22
 14 -10 -23
 14 -11 -23
 14 -11 -22
 14 -12 -22
 14 -12 -23
 14 -12 -24
 14 -11 -24
 14 -10 -24
 14 -10 -25
 14 -11 -25
 15 -11 -25
 15 -12 -25
 15 -13 -25
 16 -13 -25
 16 -12 -25
 16 -11 -25
 17 -11 -25
 17 -12 -25
 18 -12 -25
 18 -13 -25
 18 -14 -25
 18 -15 -25
 18 -16 -25
 18 -17 -25
 18 -18 -25
 17 -18 -25
 16 -18 -25
 16 -17 -25
 17 -17 -25
 17 -16 -25
 16 -16 -25
 16 -15 -25
 16 -14 -25
 15 -14 -25
 15 -15 -25
 15 -16 -25
 15 -17 -25
 15 -18 -25
 15 -18 -26
 15 -17 -26
 16 -17 -26
 17 -17 -26
 18 -17 -26
 18 -18 -26
 17 -18 -26
 16 -18 -26
 16 -18 -27
 16 -17 -27
 17 -17 -27
 17 -18 -27
 18 -18 -27
 18 -17 -27
 18 -17 -28
 17 -17 -28
 16 -17 -28
 16 -18 -28
 17 -18 -28
 18 -18 -28
 18 -19 -28
 18 -19 -27
 18 -19 -26
 17 -19 -26
 16 -19 -26
 16 -19 -27
 16 -19 -28
 17 -19 -28
 17 -19 -27
 17 -20 -27
 16 -20 -27
 16 -20 -26
 17 -20 -26
 18 -20 -26
 18 -20 -27
 18 -20 -28
 17 -20 -28
 16 -20 -28
 16 -20 -29
 17 -20 -29
 18 -20 -29
 18 -19 -29
 17 -19 -29
 16 -19 -29
 16 -18 -29
 17 -18 -29
 18 -18 -29
 18 -17 -29
 17 -17 -29
 16 -17 -29
 15 -17 -29
 15 -17 -28
 15 -17 -27
 15 -18 -27
 15 -19 -27
 15 -19 -28
 15 -18 -28
 15 -18 -29
 15 -19 -29
 15 -20 -29
 15 -20 -28
 15 -20 -27
 15 -20 -26
 15 -19 -26
 15 -19 -25
 16 -19 -25
 17 -19 -25
 17 -19 -24
 16 -19 -24
 15 -19 -24
 15 -19 -23
 15 -18 -23
 15 -17 -23
 15 -17 -22
 15 -18 -22
 15 -19 -22
 14 -19 -22
 14 -18 -22
 14 -17 -22
 14 -17 -23
 14 -17 -24
 14 -16 -24
 14 -15 -24
 14 -14 -24
 14 -14 -23
 14 -13 -23
 14 -13 -24
 14 -13 -25
 14 -14 -25
 14 -15 -25
 14 -16 -25
 14 -17 -25
 14 -18 -25
 14 -18 -26
 14 -19 -26
 14 -19 -27
 14 -18 -27
 14 -18 -28
 14 -19 -28
 14 -19 -29
 14 -20 -29
 14 -20 -28
 14 -20 -27
 14 -20 -26
 14 -20 -25
 14 -19 -25
 14 -19 -24
 14 -18 -24
 14 -18 -23
 14 -19 -23
 14 -20 -23
 14 -20 -22
 15 -20 -22
 15 -20 -23
 15 -20 -24
 14 -20 -24
 13 -20 -24
 13 -19 -24
 13 -18 -24
 13 -17 -24
 13 -17 -23
 13 -16 -23
 13 -16 -22
 13 -17 -22
 13 -18 -22
 13 -18 -23
 13 -19 -23
 13 -20 -23
 13 -20 -22
 13 -19 -22
 13 -19 -21
 14 -19 -21
 15 -19 -21
 15 -18 -21
 15 -17 -21
 16 -17 -21
 16 -17 -22
 16 -18 -22
 16 -18 -21
 16 -19 -21
 16 -19 -22
 16 -19 -23
 16 -20 -23
 16 -20 -24
 17 -20 -24
 17 -20 -25
 18 -20 -25
 18 -19 -25
 18 -19 -24
 18 -20 -24
 19 -20 -24
 19 -19 -24
 19 -19 -25
 19 -18 -25
 19 -17 -25
 19 -17 -26
 19 -18 -26
 19 -19 -26
 19 -20 -26
 19 -20 -25
 19 -21 -25
 19 -21 -26
 18 -21 -26
 18 -21 -27
 17 -21 -27
 17 -21 -26
 17 -21 -25
 18 -21 -25
 18 -21 -24
 17 -21 -24
 16 -21 -24
 16 -21 -25
 16 -20 -25
 15 -20 -25
 15 -21 -25
 15 -21 -26
 16 -21 -26
 16 -21 -27
 16 -21 -28
 17 -21 -28
 17 -21 -29
 16 -21 -29
 15 -21 -29
 15 -21 -28
 15 -21 -27
 14 -21 -27
 14 -21 -26
 14 -21 -25
 14 -21 -24
 15 -21 -24
 15 -21 -23
 16 -21 -23
 17 -21 -23
 17 -20 -23
 17 -19 -23
 17 -19 -22
 17 -18 -22
 17 -17 -22
 17 -17 -21
 17 -17 -20
 16 -17 -20
 15 -17 -20
 14 -17 -20
 14 -17 -19
 14 -17 -18
 13 -17 -18
 13 -17 -17
 14 -17 -17
 15 -17 -17
 15 -17 -16
 16 -17 -16
 16 -17 -17
 16 -17 -18
 15 -17 -18
 15 -17 -19
 16 -17 -19
 17 -17 -19
 17 -17 -18
 17 -17 -17
 18 -17 -17
 19 -17 -17
 19 -17 -18
 18 -17 -18
