1 0 0 0 0 0 0
1  11.6  12.4 -15.4 -14.6 -17.4 -16.6
0  11.6 -16.4 -17.4 0 0 0
0  11.6 -15.4 -17.4 0 0 0
1  11.6  12.4 -15.4 -14.6 -18.4 -17.6
0  11.6 -16.4 -18.4 0 0 0
0  11.6 -15.4 -18.4 0 0 0
2  11.6  12.4 -15.4 -14.6 -18.4 -16.6
0  11.6 -16.4 -18.4 0 0 0
0  11.6 -16.4 -17.4 0 0 0
0  11.6 -15.4 -18.4 0 0 0
0  11.6 -15.4 -17.4 0 0 0
1  11.6  12.4 -16.4 -15.6 -18.4 -17.6
0  11.6 -16.4 -18.4 0 0 0
2  11.6  12.4 -16.4 -14.6 -18.4 -17.6
0  11.6 -16.4 -18.4 0 0 0
0  11.6 -15.4 -18.4 0 0 0
1  11.6  12.4 -16.4 -15.6 -17.4 -16.6
0  11.6 -16.4 -17.4 0 0 0
2  11.6  12.4 -16.4 -15.6 -18.4 -16.6
0  11.6 -16.4 -18.4 0 0 0
0  11.6 -16.4 -17.4 0 0 0
1  11.6  12.4 -16.4 -15.6 -16.4 -15.6
0  11.6 -16.4 -16.4 0 0 0
2  11.6  12.4 -16.4 -15.6 -17.4 -15.6
0  11.6 -16.4 -17.4 0 0 0
0  11.6 -16.4 -16.4 0 0 0
1  11.6  12.4 -15.4 -14.6 -16.4 -15.6
0  11.6 -16.4 -16.4 0 0 0
0  11.6 -15.4 -16.4 0 0 0
2  11.6  12.4 -16.4 -14.6 -16.4 -15.6
0  11.6 -16.4 -16.4 0 0 0
0  11.6 -15.4 -16.4 0 0 0
1  11.6  12.4 -14.4 -13.6 -16.4 -15.6
0  11.6 -15.4 -16.4 0 0 0
0  11.6 -14.4 -16.4 0 0 0
2  11.6  12.4 -15.4 -13.6 -16.4 -15.6
0  11.6 -16.4 -16.4 0 0 0
0  11.6 -15.4 -16.4 0 0 0
0  11.6 -14.4 -16.4 0 0 0
1  11.6  12.4 -14.4 -13.6 -17.4 -16.6
0  11.6 -15.4 -17.4 0 0 0
0  11.6 -14.4 -17.4 0 0 0
2  11.6  12.4 -14.4 -13.6 -17.4 -15.6
0  11.6 -15.4 -17.4 0 0 0
0  11.6 -15.4 -16.4 0 0 0
0  11.6 -14.4 -17.4 0 0 0
0  11.6 -14.4 -16.4 0 0 0
1  11.6  12.4 -14.4 -13.6 -18.4 -17.6
0  11.6 -15.4 -18.4 0 0 0
0  11.6 -14.4 -18.4 0 0 0
2  11.6  12.4 -14.4 -13.6 -18.4 -16.6
0  11.6 -15.4 -18.4 0 0 0
0  11.6 -15.4 -17.4 0 0 0
0  11.6 -14.4 -18.4 0 0 0
0  11.6 -14.4 -17.4 0 0 0
1  12.6  13.4 -14.4 -13.6 -18.4 -17.6
0  12.6 -15.4 -18.4 0 0 0
0  12.6 -14.4 -18.4 0 0 0
2  11.6  13.4 -14.4 -13.6 -18.4 -17.6
0  11.6 -15.4 -18.4 0 0 0
0  11.6 -14.4 -18.4 0 0 0
0  12.6 -15.4 -18.4 0 0 0
0  12.6 -14.4 -18.4 0 0 0
1  12.6  13.4 -15.4 -14.6 -18.4 -17.6
0  12.6 -16.4 -18.4 0 0 0
0  12.6 -15.4 -18.4 0 0 0
2  12.6  13.4 -15.4 -13.6 -18.4 -17.6
0  12.6 -16.4 -18.4 0 0 0
0  12.6 -15.4 -18.4 0 0 0
0  12.6 -14.4 -18.4 0 0 0
1  12.6  13.4 -16.4 -15.6 -18.4 -17.6
0  12.6 -16.4 -18.4 0 0 0
2  12.6  13.4 -16.4 -14.6 -18.4 -17.6
0  12.6 -16.4 -18.4 0 0 0
0  12.6 -15.4 -18.4 0 0 0
1  12.6  13.4 -16.4 -15.6 -17.4 -16.6
0  12.6 -16.4 -17.4 0 0 0
2  12.6  13.4 -16.4 -15.6 -18.4 -16.6
0  12.6 -16.4 -18.4 0 0 0
0  12.6 -16.4 -17.4 0 0 0
1  12.6  13.4 -16.4 -15.6 -16.4 -15.6
0  12.6 -16.4 -16.4 0 0 0
2  12.6  13.4 -16.4 -15.6 -17.4 -15.6
0  12.6 -16.4 -17.4 0 0 0
0  12.6 -16.4 -16.4 0 0 0
1  12.6  13.4 -15.4 -14.6 -16.4 -15.6
0  12.6 -16.4 -16.4 0 0 0
0  12.6 -15.4 -16.4 0 0 0
2  12.6  13.4 -16.4 -14.6 -16.4 -15.6
0  12.6 -16.4 -16.4 0 0 0
0  12.6 -15.4 -16.4 0 0 0
1  12.6  13.4 -15.4 -14.6 -17.4 -16.6
0  12.6 -16.4 -17.4 0 0 0
0  12.6 -15.4 -17.4 0 0 0
2  12.6  13.4 -15.4 -14.6 -17.4 -15.6
0  12.6 -16.4 -17.4 0 0 0
0  12.6 -16.4 -16.4 0 0 0
0  12.6 -15.4 -17.4 0 0 0
0  12.6 -15.4 -16.4 0 0 0
1  12.6  13.4 -14.4 -13.6 -17.4 -16.6
0  12.6 -15.4 -17.4 0 0 0
0  12.6 -14.4 -17.4 0 0 0
2  12.6  13.4 -15.4 -13.6 -17.4 -16.6
0  12.6 -16.4 -17.4 0 0 0
0  12.6 -15.4 -17.4 0 0 0
0  12.6 -14.4 -17.4 0 0 0
1  12.6  13.4 -14.4 -13.6 -16.4 -15.6
0  12.6 -15.4 -16.4 0 0 0
0  12.6 -14.4 -16.4 0 0 0
2  12.6  13.4 -14.4 -13.6 -17.4 -15.6
0  12.6 -15.4 -17.4 0 0 0
0  12.6 -15.4 -16.4 0 0 0
0  12.6 -14.4 -17.4 0 0 0
0  12.6 -14.4 -16.4 0 0 0
1  13.6  14.4 -14.4 -13.6 -16.4 -15.6
0  13.6 -15.4 -16.4 0 0 0
0  13.6 -14.4 -16.4 0 0 0
2  12.6  14.4 -14.4 -13.6 -16.4 -15.6
0  12.6 -15.4 -16.4 0 0 0
0  12.6 -14.4 -16.4 0 0 0
0  13.6 -15.4 -16.4 0 0 0
0  13.6 -14.4 -16.4 0 0 0
1  13.6  14.4 -15.4 -14.6 -16.4 -15.6
0  13.6 -16.4 -16.4 0 0 0
0  13.6 -15.4 -16.4 0 0 0
2  13.6  14.4 -15.4 -13.6 -16.4 -15.6
0  13.6 -16.4 -16.4 0 0 0
0  13.6 -15.4 -16.4 0 0 0
0  13.6 -14.4 -16.4 0 0 0
1  13.6  14.4 -15.4 -14.6 -17.4 -16.6
0  13.6 -16.4 -17.4 0 0 0
0  13.6 -15.4 -17.4 0 0 0
2  13.6  14.4 -15.4 -14.6 -17.4 -15.6
0  13.6 -16.4 -17.4 0 0 0
0  13.6 -16.4 -16.4 0 0 0
0  13.6 -15.4 -17.4 0 0 0
0  13.6 -15.4 -16.4 0 0 0
1  13.6  14.4 -14.4 -13.6 -17.4 -16.6
0  13.6 -15.4 -17.4 0 0 0
0  13.6 -14.4 -17.4 0 0 0
2  13.6  14.4 -15.4 -13.6 -17.4 -16.6
0  13.6 -16.4 -17.4 0 0 0
0  13.6 -15.4 -17.4 0 0 0
0  13.6 -14.4 -17.4 0 0 0
1  13.6  14.4 -14.4 -13.6 -18.4 -17.6
0  13.6 -15.4 -18.4 0 0 0
0  13.6 -14.4 -18.4 0 0 0
2  13.6  14.4 -14.4 -13.6 -18.4 -16.6
0  13.6 -15.4 -18.4 0 0 0
0  13.6 -15.4 -17.4 0 0 0
0  13.6 -14.4 -18.4 0 0 0
0  13.6 -14.4 -17.4 0 0 0
1  13.6  14.4 -15.4 -14.6 -18.4 -17.6
0  13.6 -16.4 -18.4 0 0 0
0  13.6 -15.4 -18.4 0 0 0
2  13.6  14.4 -15.4 -13.6 -18.4 -17.6
0  13.6 -16.4 -18.4 0 0 0
0  13.6 -15.4 -18.4 0 0 0
0  13.6 -14.4 -18.4 0 0 0
1  13.6  14.4 -16.4 -15.6 -18.4 -17.6
0  13.6 -16.4 -18.4 0 0 0
2  13.6  14.4 -16.4 -14.6 -18.4 -17.6
0  13.6 -16.4 -18.4 0 0 0
0  13.6 -15.4 -18.4 0 0 0
1  13.6  14.4 -16.4 -15.6 -17.4 -16.6
0  13.6 -16.4 -17.4 0 0 0
2  13.6  14.4 -16.4 -15.6 -18.4 -16.6
0  13.6 -16.4 -18.4 0 0 0
0  13.6 -16.4 -17.4 0 0 0
1  13.6  14.4 -16.4 -15.6 -16.4 -15.6
0  13.6 -16.4 -16.4 0 0 0
2  13.6  14.4 -16.4 -15.6 -17.4 -15.6
0  13.6 -16.4 -17.4 0 0 0
0  13.6 -16.4 -16.4 0 0 0
1  14.6  15.4 -16.4 -15.6 -16.4 -15.6
0  14.6 -16.4 -16.4 0 0 0
2  13.6  15.4 -16.4 -15.6 -16.4 -15.6
0  13.6 -16.4 -16.4 0 0 0
0  14.6 -16.4 -16.4 0 0 0
1  14.6  15.4 -15.4 -14.6 -16.4 -15.6
0  14.6 -16.4 -16.4 0 0 0
0  14.6 -15.4 -16.4 0 0 0
2  14.6  15.4 -16.4 -14.6 -16.4 -15.6
0  14.6 -16.4 -16.4 0 0 0
0  14.6 -15.4 -16.4 0 0 0
1  14.6  15.4 -15.4 -14.6 -17.4 -16.6
0  14.6 -16.4 -17.4 0 0 0
0  14.6 -15.4 -17.4 0 0 0
2  14.6  15.4 -15.4 -14.6 -17.4 -15.6
0  14.6 -16.4 -17.4 0 0 0
0  14.6 -16.4 -16.4 0 0 0
0  14.6 -15.4 -17.4 0 0 0
0  14.6 -15.4 -16.4 0 0 0
1  14.6  15.4 -15.4 -14.6 -18.4 -17.6
0  14.6 -16.4 -18.4 0 0 0
0  14.6 -15.4 -18.4 0 0 0
2  14.6  15.4 -15.4 -14.6 -18.4 -16.6
0  14.6 -16.4 -18.4 0 0 0
0  14.6 -16.4 -17.4 0 0 0
0  14.6 -15.4 -18.4 0 0 0
0  14.6 -15.4 -17.4 0 0 0
1  14.6  15.4 -16.4 -15.6 -18.4 -17.6
0  14.6 -16.4 -18.4 0 0 0
2  14.6  15.4 -16.4 -14.6 -18.4 -17.6
0  14.6 -16.4 -18.4 0 0 0
0  14.6 -15.4 -18.4 0 0 0
1  14.6  15.4 -16.4 -15.6 -17.4 -16.6
0  14.6 -16.4 -17.4 0 0 0
2  14.6  15.4 -16.4 -15.6 -18.4 -16.6
0  14.6 -16.4 -18.4 0 0 0
0  14.6 -16.4 -17.4 0 0 0
1  15.6  16.4 -16.4 -15.6 -17.4 -16.6
0  15.6 -16.4 -17.4 0 0 0
2  14.6  16.4 -16.4 -15.6 -17.4 -16.6
0  14.6 -16.4 -17.4 0 0 0
0  15.6 -16.4 -17.4 0 0 0
1  15.6  16.4 -16.4 -15.6 -16.4 -15.6
0  15.6 -16.4 -16.4 0 0 0
2  15.6  16.4 -16.4 -15.6 -17.4 -15.6
0  15.6 -16.4 -17.4 0 0 0
0  15.6 -16.4 -16.4 0 0 0
1  15.6  16.4 -15.4 -14.6 -16.4 -15.6
0  15.6 -16.4 -16.4 0 0 0
0  15.6 -15.4 -16.4 0 0 0
2  15.6  16.4 -16.4 -14.6 -16.4 -15.6
0  15.6 -16.4 -16.4 0 0 0
0  15.6 -15.4 -16.4 0 0 0
1  15.6  16.4 -15.4 -14.6 -17.4 -16.6
0  15.6 -16.4 -17.4 0 0 0
0  15.6 -15.4 -17.4 0 0 0
2  15.6  16.4 -15.4 -14.6 -17.4 -15.6
0  15.6 -16.4 -17.4 0 0 0
0  15.6 -16.4 -16.4 0 0 0
0  15.6 -15.4 -17.4 0 0 0
0  15.6 -15.4 -16.4 0 0 0
1  15.6  16.4 -15.4 -14.6 -18.4 -17.6
0  15.6 -16.4 -18.4 0 0 0
0  15.6 -15.4 -18.4 0 0 0
2  15.6  16.4 -15.4 -14.6 -18.4 -16.6
0  15.6 -16.4 -18.4 0 0 0
0  15.6 -16.4 -17.4 0 0 0
0  15.6 -15.4 -18.4 0 0 0
0  15.6 -15.4 -17.4 0 0 0
1  15.6  16.4 -16.4 -15.6 -18.4 -17.6
0  15.6 -16.4 -18.4 0 0 0
2  15.6  16.4 -16.4 -14.6 -18.4 -17.6
0  15.6 -16.4 -18.4 0 0 0
0  15.6 -15.4 -18.4 0 0 0
1  15.6  16.4 -16.4 -15.6 -19.4 -18.6
0  15.6 -16.4 -19.4 0 0 0
2  15.6  16.4 -16.4 -15.6 -19.4 -17.6
0  15.6 -16.4 -19.4 0 0 0
0  15.6 -16.4 -18.4 0 0 0
1  14.6  15.4 -16.4 -15.6 -19.4 -18.6
0  14.6 -16.4 -19.4 0 0 0
2  14.6  16.4 -16.4 -15.6 -19.4 -18.6
0  14.6 -16.4 -19.4 0 0 0
0  15.6 -16.4 -19.4 0 0 0
1  13.6  14.4 -16.4 -15.6 -19.4 -18.6
0  13.6 -16.4 -19.4 0 0 0
2  13.6  15.4 -16.4 -15.6 -19.4 -18.6
0  13.6 -16.4 -19.4 0 0 0
0  14.6 -16.4 -19.4 0 0 0
1  12.6  13.4 -16.4 -15.6 -19.4 -18.6
0  12.6 -16.4 -19.4 0 0 0
2  12.6  14.4 -16.4 -15.6 -19.4 -18.6
0  12.6 -16.4 -19.4 0 0 0
0  13.6 -16.4 -19.4 0 0 0
1  12.6  13.4 -15.4 -14.6 -19.4 -18.6
0  12.6 -16.4 -19.4 0 0 0
0  12.6 -15.4 -19.4 0 0 0
2  12.6  13.4 -16.4 -14.6 -19.4 -18.6
0  12.6 -16.4 -19.4 0 0 0
0  12.6 -15.4 -19.4 0 0 0
1  12.6  13.4 -14.4 -13.6 -19.4 -18.6
0  12.6 -15.4 -19.4 0 0 0
0  12.6 -14.4 -19.4 0 0 0
2  12.6  13.4 -15.4 -13.6 -19.4 -18.6
0  12.6 -16.4 -19.4 0 0 0
0  12.6 -15.4 -19.4 0 0 0
0  12.6 -14.4 -19.4 0 0 0
1  13.6  14.4 -14.4 -13.6 -19.4 -18.6
0  13.6 -15.4 -19.4 0 0 0
0  13.6 -14.4 -19.4 0 0 0
2  12.6  14.4 -14.4 -13.6 -19.4 -18.6
0  12.6 -15.4 -19.4 0 0 0
0  12.6 -14.4 -19.4 0 0 0
0  13.6 -15.4 -19.4 0 0 0
0  13.6 -14.4 -19.4 0 0 0
1  13.6  14.4 -15.4 -14.6 -19.4 -18.6
0  13.6 -16.4 -19.4 0 0 0
0  13.6 -15.4 -19.4 0 0 0
2  13.6  14.4 -15.4 -13.6 -19.4 -18.6
0  13.6 -16.4 -19.4 0 0 0
0  13.6 -15.4 -19.4 0 0 0
0  13.6 -14.4 -19.4 0 0 0
1  14.6  15.4 -15.4 -14.6 -19.4 -18.6
0  14.6 -16.4 -19.4 0 0 0
0  14.6 -15.4 -19.4 0 0 0
2  13.6  15.4 -15.4 -14.6 -19.4 -18.6
0  13.6 -16.4 -19.4 0 0 0
0  13.6 -15.4 -19.4 0 0 0
0  14.6 -16.4 -19.4 0 0 0
0  14.6 -15.4 -19.4 0 0 0
1  15.6  16.4 -15.4 -14.6 -19.4 -18.6
0  15.6 -16.4 -19.4 0 0 0
0  15.6 -15.4 -19.4 0 0 0
2  14.6  16.4 -15.4 -14.6 -19.4 -18.6
0  14.6 -16.4 -19.4 0 0 0
0  14.6 -15.4 -19.4 0 0 0
0  15.6 -16.4 -19.4 0 0 0
0  15.6 -15.4 -19.4 0 0 0
1  15.6  16.4 -14.4 -13.6 -19.4 -18.6
0  15.6 -15.4 -19.4 0 0 0
0  15.6 -14.4 -19.4 0 0 0
2  15.6  16.4 -15.4 -13.6 -19.4 -18.6
0  15.6 -16.4 -19.4 0 0 0
0  15.6 -15.4 -19.4 0 0 0
0  15.6 -14.4 -19.4 0 0 0
1  14.6  15.4 -14.4 -13.6 -19.4 -18.6
0  14.6 -15.4 -19.4 0 0 0
0  14.6 -14.4 -19.4 0 0 0
2  14.6  16.4 -14.4 -13.6 -19.4 -18.6
0  14.6 -15.4 -19.4 0 0 0
0  14.6 -14.4 -19.4 0 0 0
0  15.6 -15.4 -19.4 0 0 0
0  15.6 -14.4 -19.4 0 0 0
1  14.6  15.4 -14.4 -13.6 -18.4 -17.6
0  14.6 -15.4 -18.4 0 0 0
0  14.6 -14.4 -18.4 0 0 0
2  14.6  15.4 -14.4 -13.6 -19.4 -17.6
0  14.6 -15.4 -19.4 0 0 0
0  14.6 -15.4 -18.4 0 0 0
0  14.6 -14.4 -19.4 0 0 0
0  14.6 -14.4 -18.4 0 0 0
1  15.6  16.4 -14.4 -13.6 -18.4 -17.6
0  15.6 -15.4 -18.4 0 0 0
0  15.6 -14.4 -18.4 0 0 0
2  14.6  16.4 -14.4 -13.6 -18.4 -17.6
0  14.6 -15.4 -18.4 0 0 0
0  14.6 -14.4 -18.4 0 0 0
0  15.6 -15.4 -18.4 0 0 0
0  15.6 -14.4 -18.4 0 0 0
1  15.6  16.4 -14.4 -13.6 -17.4 -16.6
0  15.6 -15.4 -17.4 0 0 0
0  15.6 -14.4 -17.4 0 0 0
2  15.6  16.4 -14.4 -13.6 -18.4 -16.6
0  15.6 -15.4 -18.4 0 0 0
0  15.6 -15.4 -17.4 0 0 0
0  15.6 -14.4 -18.4 0 0 0
0  15.6 -14.4 -17.4 0 0 0
1  14.6  15.4 -14.4 -13.6 -17.4 -16.6
0  14.6 -15.4 -17.4 0 0 0
0  14.6 -14.4 -17.4 0 0 0
2  14.6  16.4 -14.4 -13.6 -17.4 -16.6
0  14.6 -15.4 -17.4 0 0 0
0  14.6 -14.4 -17.4 0 0 0
0  15.6 -15.4 -17.4 0 0 0
0  15.6 -14.4 -17.4 0 0 0
1  14.6  15.4 -14.4 -13.6 -16.4 -15.6
0  14.6 -15.4 -16.4 0 0 0
0  14.6 -14.4 -16.4 0 0 0
2  14.6  15.4 -14.4 -13.6 -17.4 -15.6
0  14.6 -15.4 -17.4 0 0 0
0  14.6 -15.4 -16.4 0 0 0
0  14.6 -14.4 -17.4 0 0 0
0  14.6 -14.4 -16.4 0 0 0
1  15.6  16.4 -14.4 -13.6 -16.4 -15.6
0  15.6 -15.4 -16.4 0 0 0
0  15.6 -14.4 -16.4 0 0 0
2  14.6  16.4 -14.4 -13.6 -16.4 -15.6
0  14.6 -15.4 -16.4 0 0 0
0  14.6 -14.4 -16.4 0 0 0
0  15.6 -15.4 -16.4 0 0 0
0  15.6 -14.4 -16.4 0 0 0
1  16.6  17.4 -14.4 -13.6 -16.4 -15.6
0  16.6 -15.4 -16.4 0 0 0
0  16.6 -14.4 -16.4 0 0 0
2  15.6  17.4 -14.4 -13.6 -16.4 -15.6
0  15.6 -15.4 -16.4 0 0 0
0  15.6 -14.4 -16.4 0 0 0
0  16.6 -15.4 -16.4 0 0 0
0  16.6 -14.4 -16.4 0 0 0
1  16.6  17.4 -15.4 -14.6 -16.4 -15.6
0  16.6 -16.4 -16.4 0 0 0
0  16.6 -15.4 -16.4 0 0 0
2  16.6  17.4 -15.4 -13.6 -16.4 -15.6
0  16.6 -16.4 -16.4 0 0 0
0  16.6 -15.4 -16.4 0 0 0
0  16.6 -14.4 -16.4 0 0 0
1  16.6  17.4 -15.4 -14.6 -17.4 -16.6
0  16.6 -16.4 -17.4 0 0 0
0  16.6 -15.4 -17.4 0 0 0
2  16.6  17.4 -15.4 -14.6 -17.4 -15.6
0  16.6 -16.4 -17.4 0 0 0
0  16.6 -16.4 -16.4 0 0 0
0  16.6 -15.4 -17.4 0 0 0
0  16.6 -15.4 -16.4 0 0 0
1  16.6  17.4 -16.4 -15.6 -17.4 -16.6
0  16.6 -16.4 -17.4 0 0 0
2  16.6  17.4 -16.4 -14.6 -17.4 -16.6
0  16.6 -16.4 -17.4 0 0 0
0  16.6 -15.4 -17.4 0 0 0
1  16.6  17.4 -16.4 -15.6 -18.4 -17.6
0  16.6 -16.4 -18.4 0 0 0
2  16.6  17.4 -16.4 -15.6 -18.4 -16.6
0  16.6 -16.4 -18.4 0 0 0
0  16.6 -16.4 -17.4 0 0 0
1  16.6  17.4 -16.4 -15.6 -19.4 -18.6
0  16.6 -16.4 -19.4 0 0 0
2  16.6  17.4 -16.4 -15.6 -19.4 -17.6
0  16.6 -16.4 -19.4 0 0 0
0  16.6 -16.4 -18.4 0 0 0
1  16.6  17.4 -15.4 -14.6 -19.4 -18.6
0  16.6 -16.4 -19.4 0 0 0
0  16.6 -15.4 -19.4 0 0 0
2  16.6  17.4 -16.4 -14.6 -19.4 -18.6
0  16.6 -16.4 -19.4 0 0 0
0  16.6 -15.4 -19.4 0 0 0
1  16.6  17.4 -15.4 -14.6 -18.4 -17.6
0  16.6 -16.4 -18.4 0 0 0
0  16.6 -15.4 -18.4 0 0 0
2  16.6  17.4 -15.4 -14.6 -19.4 -17.6
0  16.6 -16.4 -19.4 0 0 0
0  16.6 -16.4 -18.4 0 0 0
0  16.6 -15.4 -19.4 0 0 0
0  16.6 -15.4 -18.4 0 0 0
1  16.6  17.4 -14.4 -13.6 -18.4 -17.6
0  16.6 -15.4 -18.4 0 0 0
0  16.6 -14.4 -18.4 0 0 0
2  16.6  17.4 -15.4 -13.6 -18.4 -17.6
0  16.6 -16.4 -18.4 0 0 0
0  16.6 -15.4 -18.4 0 0 0
0  16.6 -14.4 -18.4 0 0 0
1  16.6  17.4 -14.4 -13.6 -17.4 -16.6
0  16.6 -15.4 -17.4 0 0 0
0  16.6 -14.4 -17.4 0 0 0
2  16.6  17.4 -14.4 -13.6 -18.4 -16.6
0  16.6 -15.4 -18.4 0 0 0
0  16.6 -15.4 -17.4 0 0 0
0  16.6 -14.4 -18.4 0 0 0
0  16.6 -14.4 -17.4 0 0 0
1  17.6  18.4 -14.4 -13.6 -17.4 -16.6
0  17.6 -15.4 -17.4 0 0 0
0  17.6 -14.4 -17.4 0 0 0
2  16.6  18.4 -14.4 -13.6 -17.4 -16.6
0  16.6 -15.4 -17.4 0 0 0
0  16.6 -14.4 -17.4 0 0 0
0  17.6 -15.4 -17.4 0 0 0
0  17.6 -14.4 -17.4 0 0 0
1  17.6  18.4 -15.4 -14.6 -17.4 -16.6
0  17.6 -16.4 -17.4 0 0 0
0  17.6 -15.4 -17.4 0 0 0
2  17.6  18.4 -15.4 -13.6 -17.4 -16.6
0  17.6 -16.4 -17.4 0 0 0
0  17.6 -15.4 -17.4 0 0 0
0  17.6 -14.4 -17.4 0 0 0
1  17.6  18.4 -16.4 -15.6 -17.4 -16.6
0  17.6 -16.4 -17.4 0 0 0
2  17.6  18.4 -16.4 -14.6 -17.4 -16.6
0  17.6 -16.4 -17.4 0 0 0
0  17.6 -15.4 -17.4 0 0 0
1  17.6  18.4 -16.4 -15.6 -18.4 -17.6
0  17.6 -16.4 -18.4 0 0 0
2  17.6  18.4 -16.4 -15.6 -18.4 -16.6
0  17.6 -16.4 -18.4 0 0 0
0  17.6 -16.4 -17.4 0 0 0
1  17.6  18.4 -15.4 -14.6 -18.4 -17.6
0  17.6 -16.4 -18.4 0 0 0
0  17.6 -15.4 -18.4 0 0 0
2  17.6  18.4 -16.4 -14.6 -18.4 -17.6
0  17.6 -16.4 -18.4 0 0 0
0  17.6 -15.4 -18.4 0 0 0
1  17.6  18.4 -15.4 -14.6 -19.4 -18.6
0  17.6 -16.4 -19.4 0 0 0
0  17.6 -15.4 -19.4 0 0 0
2  17.6  18.4 -15.4 -14.6 -19.4 -17.6
0  17.6 -16.4 -19.4 0 0 0
0  17.6 -16.4 -18.4 0 0 0
0  17.6 -15.4 -19.4 0 0 0
0  17.6 -15.4 -18.4 0 0 0
1  17.6  18.4 -16.4 -15.6 -19.4 -18.6
0  17.6 -16.4 -19.4 0 0 0
2  17.6  18.4 -16.4 -14.6 -19.4 -18.6
0  17.6 -16.4 -19.4 0 0 0
0  17.6 -15.4 -19.4 0 0 0
1  17.6  18.4 -16.4 -15.6 -20.4 -19.6
0  17.6 -16.4 -20.4 0 0 0
2  17.6  18.4 -16.4 -15.6 -20.4 -18.6
0  17.6 -16.4 -20.4 0 0 0
0  17.6 -16.4 -19.4 0 0 0
1  16.6  17.4 -16.4 -15.6 -20.4 -19.6
0  16.6 -16.4 -20.4 0 0 0
2  16.6  18.4 -16.4 -15.6 -20.4 -19.6
0  16.6 -16.4 -20.4 0 0 0
0  17.6 -16.4 -20.4 0 0 0
1  16.6  17.4 -15.4 -14.6 -20.4 -19.6
0  16.6 -16.4 -20.4 0 0 0
0  16.6 -15.4 -20.4 0 0 0
2  16.6  17.4 -16.4 -14.6 -20.4 -19.6
0  16.6 -16.4 -20.4 0 0 0
0  16.6 -15.4 -20.4 0 0 0
1  17.6  18.4 -15.4 -14.6 -20.4 -19.6
0  17.6 -16.4 -20.4 0 0 0
0  17.6 -15.4 -20.4 0 0 0
2  16.6  18.4 -15.4 -14.6 -20.4 -19.6
0  16.6 -16.4 -20.4 0 0 0
0  16.6 -15.4 -20.4 0 0 0
0  17.6 -16.4 -20.4 0 0 0
0  17.6 -15.4 -20.4 0 0 0
1  17.6  18.4 -15.4 -14.6 -21.4 -20.6
0  17.6 -16.4 -21.4 0 0 0
0  17.6 -15.4 -21.4 0 0 0
2  17.6  18.4 -15.4 -14.6 -21.4 -19.6
0  17.6 -16.4 -21.4 0 0 0
0  17.6 -16.4 -20.4 0 0 0
0  17.6 -15.4 -21.4 0 0 0
0  17.6 -15.4 -20.4 0 0 0
1  17.6  18.4 -16.4 -15.6 -21.4 -20.6
0  17.6 -16.4 -21.4 0 0 0
2  17.6  18.4 -16.4 -14.6 -21.4 -20.6
0  17.6 -16.4 -21.4 0 0 0
0  17.6 -15.4 -21.4 0 0 0
1  16.6  17.4 -16.4 -15.6 -21.4 -20.6
0  16.6 -16.4 -21.4 0 0 0
2  16.6  18.4 -16.4 -15.6 -21.4 -20.6
0  16.6 -16.4 -21.4 0 0 0
0  17.6 -16.4 -21.4 0 0 0
1  16.6  17.4 -15.4 -14.6 -21.4 -20.6
0  16.6 -16.4 -21.4 0 0 0
0  16.6 -15.4 -21.4 0 0 0
2  16.6  17.4 -16.4 -14.6 -21.4 -20.6
0  16.6 -16.4 -21.4 0 0 0
0  16.6 -15.4 -21.4 0 0 0
1  16.6  17.4 -14.4 -13.6 -21.4 -20.6
0  16.6 -15.4 -21.4 0 0 0
0  16.6 -14.4 -21.4 0 0 0
2  16.6  17.4 -15.4 -13.6 -21.4 -20.6
0  16.6 -16.4 -21.4 0 0 0
0  16.6 -15.4 -21.4 0 0 0
0  16.6 -14.4 -21.4 0 0 0
1  16.6  17.4 -14.4 -13.6 -20.4 -19.6
0  16.6 -15.4 -20.4 0 0 0
0  16.6 -14.4 -20.4 0 0 0
2  16.6  17.4 -14.4 -13.6 -21.4 -19.6
0  16.6 -15.4 -21.4 0 0 0
0  16.6 -15.4 -20.4 0 0 0
0  16.6 -14.4 -21.4 0 0 0
0  16.6 -14.4 -20.4 0 0 0
1  16.6  17.4 -14.4 -13.6 -19.4 -18.6
0  16.6 -15.4 -19.4 0 0 0
0  16.6 -14.4 -19.4 0 0 0
2  16.6  17.4 -14.4 -13.6 -20.4 -18.6
0  16.6 -15.4 -20.4 0 0 0
0  16.6 -15.4 -19.4 0 0 0
0  16.6 -14.4 -20.4 0 0 0
0  16.6 -14.4 -19.4 0 0 0
1  17.6  18.4 -14.4 -13.6 -19.4 -18.6
0  17.6 -15.4 -19.4 0 0 0
0  17.6 -14.4 -19.4 0 0 0
2  16.6  18.4 -14.4 -13.6 -19.4 -18.6
0  16.6 -15.4 -19.4 0 0 0
0  16.6 -14.4 -19.4 0 0 0
0  17.6 -15.4 -19.4 0 0 0
0  17.6 -14.4 -19.4 0 0 0
1  17.6  18.4 -14.4 -13.6 -18.4 -17.6
0  17.6 -15.4 -18.4 0 0 0
0  17.6 -14.4 -18.4 0 0 0
2  17.6  18.4 -14.4 -13.6 -19.4 -17.6
0  17.6 -15.4 -19.4 0 0 0
0  17.6 -15.4 -18.4 0 0 0
0  17.6 -14.4 -19.4 0 0 0
0  17.6 -14.4 -18.4 0 0 0
1  18.6  19.4 -14.4 -13.6 -18.4 -17.6
0  18.6 -15.4 -18.4 0 0 0
0  18.6 -14.4 -18.4 0 0 0
2  17.6  19.4 -14.4 -13.6 -18.4 -17.6
0  17.6 -15.4 -18.4 0 0 0
0  17.6 -14.4 -18.4 0 0 0
0  18.6 -15.4 -18.4 0 0 0
0  18.6 -14.4 -18.4 0 0 0
1  18.6  19.4 -14.4 -13.6 -17.4 -16.6
0  18.6 -15.4 -17.4 0 0 0
0  18.6 -14.4 -17.4 0 0 0
2  18.6  19.4 -14.4 -13.6 -18.4 -16.6
0  18.6 -15.4 -18.4 0 0 0
0  18.6 -15.4 -17.4 0 0 0
0  18.6 -14.4 -18.4 0 0 0
0  18.6 -14.4 -17.4 0 0 0
1  18.6  19.4 -15.4 -14.6 -17.4 -16.6
0  18.6 -16.4 -17.4 0 0 0
0  18.6 -15.4 -17.4 0 0 0
2  18.6  19.4 -15.4 -13.6 -17.4 -16.6
0  18.6 -16.4 -17.4 0 0 0
0  18.6 -15.4 -17.4 0 0 0
0  18.6 -14.4 -17.4 0 0 0
1  18.6  19.4 -15.4 -14.6 -18.4 -17.6
0  18.6 -16.4 -18.4 0 0 0
0  18.6 -15.4 -18.4 0 0 0
2  18.6  19.4 -15.4 -14.6 -18.4 -16.6
0  18.6 -16.4 -18.4 0 0 0
0  18.6 -16.4 -17.4 0 0 0
0  18.6 -15.4 -18.4 0 0 0
0  18.6 -15.4 -17.4 0 0 0
1  18.6  19.4 -15.4 -14.6 -19.4 -18.6
0  18.6 -16.4 -19.4 0 0 0
0  18.6 -15.4 -19.4 0 0 0
2  18.6  19.4 -15.4 -14.6 -19.4 -17.6
0  18.6 -16.4 -19.4 0 0 0
0  18.6 -16.4 -18.4 0 0 0
0  18.6 -15.4 -19.4 0 0 0
0  18.6 -15.4 -18.4 0 0 0
1  18.6  19.4 -15.4 -14.6 -20.4 -19.6
0  18.6 -16.4 -20.4 0 0 0
0  18.6 -15.4 -20.4 0 0 0
2  18.6  19.4 -15.4 -14.6 -20.4 -18.6
0  18.6 -16.4 -20.4 0 0 0
0  18.6 -16.4 -19.4 0 0 0
0  18.6 -15.4 -20.4 0 0 0
0  18.6 -15.4 -19.4 0 0 0
1  18.6  19.4 -16.4 -15.6 -20.4 -19.6
0  18.6 -16.4 -20.4 0 0 0
2  18.6  19.4 -16.4 -14.6 -20.4 -19.6
0  18.6 -16.4 -20.4 0 0 0
0  18.6 -15.4 -20.4 0 0 0
1  18.6  19.4 -16.4 -15.6 -21.4 -20.6
0  18.6 -16.4 -21.4 0 0 0
2  18.6  19.4 -16.4 -15.6 -21.4 -19.6
0  18.6 -16.4 -21.4 0 0 0
0  18.6 -16.4 -20.4 0 0 0
1  18.6  19.4 -15.4 -14.6 -21.4 -20.6
0  18.6 -16.4 -21.4 0 0 0
0  18.6 -15.4 -21.4 0 0 0
2  18.6  19.4 -16.4 -14.6 -21.4 -20.6
0  18.6 -16.4 -21.4 0 0 0
0  18.6 -15.4 -21.4 0 0 0
1  18.6  19.4 -14.4 -13.6 -21.4 -20.6
0  18.6 -15.4 -21.4 0 0 0
0  18.6 -14.4 -21.4 0 0 0
2  18.6  19.4 -15.4 -13.6 -21.4 -20.6
0  18.6 -16.4 -21.4 0 0 0
0  18.6 -15.4 -21.4 0 0 0
0  18.6 -14.4 -21.4 0 0 0
1  17.6  18.4 -14.4 -13.6 -21.4 -20.6
0  17.6 -15.4 -21.4 0 0 0
0  17.6 -14.4 -21.4 0 0 0
2  17.6  19.4 -14.4 -13.6 -21.4 -20.6
0  17.6 -15.4 -21.4 0 0 0
0  17.6 -14.4 -21.4 0 0 0
0  18.6 -15.4 -21.4 0 0 0
0  18.6 -14.4 -21.4 0 0 0
1  17.6  18.4 -14.4 -13.6 -20.4 -19.6
0  17.6 -15.4 -20.4 0 0 0
0  17.6 -14.4 -20.4 0 0 0
2  17.6  18.4 -14.4 -13.6 -21.4 -19.6
0  17.6 -15.4 -21.4 0 0 0
0  17.6 -15.4 -20.4 0 0 0
0  17.6 -14.4 -21.4 0 0 0
0  17.6 -14.4 -20.4 0 0 0
1  18.6  19.4 -14.4 -13.6 -20.4 -19.6
0  18.6 -15.4 -20.4 0 0 0
0  18.6 -14.4 -20.4 0 0 0
2  17.6  19.4 -14.4 -13.6 -20.4 -19.6
0  17.6 -15.4 -20.4 0 0 0
0  17.6 -14.4 -20.4 0 0 0
0  18.6 -15.4 -20.4 0 0 0
0  18.6 -14.4 -20.4 0 0 0
1  18.6  19.4 -14.4 -13.6 -19.4 -18.6
0  18.6 -15.4 -19.4 0 0 0
0  18.6 -14.4 -19.4 0 0 0
2  18.6  19.4 -14.4 -13.6 -20.4 -18.6
0  18.6 -15.4 -20.4 0 0 0
0  18.6 -15.4 -19.4 0 0 0
0  18.6 -14.4 -20.4 0 0 0
0  18.6 -14.4 -19.4 0 0 0
1  18.6  19.4 -13.4 -12.6 -19.4 -18.6
0  18.6 -14.4 -19.4 0 0 0
0  18.6 -13.4 -19.4 0 0 0
2  18.6  19.4 -14.4 -12.6 -19.4 -18.6
0  18.6 -15.4 -19.4 0 0 0
0  18.6 -14.4 -19.4 0 0 0
0  18.6 -13.4 -19.4 0 0 0
1  18.6  19.4 -13.4 -12.6 -20.4 -19.6
0  18.6 -14.4 -20.4 0 0 0
0  18.6 -13.4 -20.4 0 0 0
2  18.6  19.4 -13.4 -12.6 -20.4 -18.6
0  18.6 -14.4 -20.4 0 0 0
0  18.6 -14.4 -19.4 0 0 0
0  18.6 -13.4 -20.4 0 0 0
0  18.6 -13.4 -19.4 0 0 0
1  17.6  18.4 -13.4 -12.6 -20.4 -19.6
0  17.6 -14.4 -20.4 0 0 0
0  17.6 -13.4 -20.4 0 0 0
2  17.6  19.4 -13.4 -12.6 -20.4 -19.6
0  17.6 -14.4 -20.4 0 0 0
0  17.6 -13.4 -20.4 0 0 0
0  18.6 -14.4 -20.4 0 0 0
0  18.6 -13.4 -20.4 0 0 0
1  17.6  18.4 -13.4 -12.6 -19.4 -18.6
0  17.6 -14.4 -19.4 0 0 0
0  17.6 -13.4 -19.4 0 0 0
2  17.6  18.4 -13.4 -12.6 -20.4 -18.6
0  17.6 -14.4 -20.4 0 0 0
0  17.6 -14.4 -19.4 0 0 0
0  17.6 -13.4 -20.4 0 0 0
0  17.6 -13.4 -19.4 0 0 0
1  16.6  17.4 -13.4 -12.6 -19.4 -18.6
0  16.6 -14.4 -19.4 0 0 0
0  16.6 -13.4 -19.4 0 0 0
2  16.6  18.4 -13.4 -12.6 -19.4 -18.6
0  16.6 -14.4 -19.4 0 0 0
0  16.6 -13.4 -19.4 0 0 0
0  17.6 -14.4 -19.4 0 0 0
0  17.6 -13.4 -19.4 0 0 0
1  16.6  17.4 -13.4 -12.6 -20.4 -19.6
0  16.6 -14.4 -20.4 0 0 0
0  16.6 -13.4 -20.4 0 0 0
2  16.6  17.4 -13.4 -12.6 -20.4 -18.6
0  16.6 -14.4 -20.4 0 0 0
0  16.6 -14.4 -19.4 0 0 0
0  16.6 -13.4 -20.4 0 0 0
0  16.6 -13.4 -19.4 0 0 0
1  16.6  17.4 -13.4 -12.6 -21.4 -20.6
0  16.6 -14.4 -21.4 0 0 0
0  16.6 -13.4 -21.4 0 0 0
2  16.6  17.4 -13.4 -12.6 -21.4 -19.6
0  16.6 -14.4 -21.4 0 0 0
0  16.6 -14.4 -20.4 0 0 0
0  16.6 -13.4 -21.4 0 0 0
0  16.6 -13.4 -20.4 0 0 0
1  17.6  18.4 -13.4 -12.6 -21.4 -20.6
0  17.6 -14.4 -21.4 0 0 0
0  17.6 -13.4 -21.4 0 0 0
2  16.6  18.4 -13.4 -12.6 -21.4 -20.6
0  16.6 -14.4 -21.4 0 0 0
0  16.6 -13.4 -21.4 0 0 0
0  17.6 -14.4 -21.4 0 0 0
0  17.6 -13.4 -21.4 0 0 0
1  18.6  19.4 -13.4 -12.6 -21.4 -20.6
0  18.6 -14.4 -21.4 0 0 0
0  18.6 -13.4 -21.4 0 0 0
2  17.6  19.4 -13.4 -12.6 -21.4 -20.6
0  17.6 -14.4 -21.4 0 0 0
0  17.6 -13.4 -21.4 0 0 0
0  18.6 -14.4 -21.4 0 0 0
0  18.6 -13.4 -21.4 0 0 0
1  19.6  20.4 -13.4 -12.6 -21.4 -20.6
0  19.6 -14.4 -21.4 0 0 0
0  19.6 -13.4 -21.4 0 0 0
1  19.6  20.4 -13.4 -12.6 -20.4 -19.6
0  19.6 -14.4 -20.4 0 0 0
0  19.6 -13.4 -20.4 0 0 0
2  19.6  20.4 -13.4 -12.6 -21.4 -19.6
0  19.6 -14.4 -21.4 0 0 0
0  19.6 -14.4 -20.4 0 0 0
0  19.6 -13.4 -21.4 0 0 0
0  19.6 -13.4 -20.4 0 0 0
1  19.6  20.4 -13.4 -12.6 -19.4 -18.6
0  19.6 -14.4 -19.4 0 0 0
0  19.6 -13.4 -19.4 0 0 0
2  19.6  20.4 -13.4 -12.6 -20.4 -18.6
0  19.6 -14.4 -20.4 0 0 0
0  19.6 -14.4 -19.4 0 0 0
0  19.6 -13.4 -20.4 0 0 0
0  19.6 -13.4 -19.4 0 0 0
1  19.6  20.4 -14.4 -13.6 -19.4 -18.6
0  19.6 -15.4 -19.4 0 0 0
0  19.6 -14.4 -19.4 0 0 0
2  19.6  20.4 -14.4 -12.6 -19.4 -18.6
0  19.6 -15.4 -19.4 0 0 0
0  19.6 -14.4 -19.4 0 0 0
0  19.6 -13.4 -19.4 0 0 0
1  19.6  20.4 -14.4 -13.6 -18.4 -17.6
0  19.6 -15.4 -18.4 0 0 0
0  19.6 -14.4 -18.4 0 0 0
2  19.6  20.4 -14.4 -13.6 -19.4 -17.6
0  19.6 -15.4 -19.4 0 0 0
0  19.6 -15.4 -18.4 0 0 0
0  19.6 -14.4 -19.4 0 0 0
0  19.6 -14.4 -18.4 0 0 0
1  19.6  20.4 -15.4 -14.6 -18.4 -17.6
0  19.6 -16.4 -18.4 0 0 0
0  19.6 -15.4 -18.4 0 0 0
2  19.6  20.4 -15.4 -13.6 -18.4 -17.6
0  19.6 -16.4 -18.4 0 0 0
0  19.6 -15.4 -18.4 0 0 0
0  19.6 -14.4 -18.4 0 0 0
1  19.6  20.4 -15.4 -14.6 -19.4 -18.6
0  19.6 -16.4 -19.4 0 0 0
0  19.6 -15.4 -19.4 0 0 0
2  19.6  20.4 -15.4 -14.6 -19.4 -17.6
0  19.6 -16.4 -19.4 0 0 0
0  19.6 -16.4 -18.4 0 0 0
0  19.6 -15.4 -19.4 0 0 0
0  19.6 -15.4 -18.4 0 0 0
1  19.6  20.4 -15.4 -14.6 -20.4 -19.6
0  19.6 -16.4 -20.4 0 0 0
0  19.6 -15.4 -20.4 0 0 0
2  19.6  20.4 -15.4 -14.6 -20.4 -18.6
0  19.6 -16.4 -20.4 0 0 0
0  19.6 -16.4 -19.4 0 0 0
0  19.6 -15.4 -20.4 0 0 0
0  19.6 -15.4 -19.4 0 0 0
1  19.6  20.4 -16.4 -15.6 -20.4 -19.6
0  19.6 -16.4 -20.4 0 0 0
2  19.6  20.4 -16.4 -14.6 -20.4 -19.6
0  19.6 -16.4 -20.4 0 0 0
0  19.6 -15.4 -20.4 0 0 0
1  19.6  20.4 -16.4 -15.6 -19.4 -18.6
0  19.6 -16.4 -19.4 0 0 0
2  19.6  20.4 -16.4 -15.6 -20.4 -18.6
0  19.6 -16.4 -20.4 0 0 0
0  19.6 -16.4 -19.4 0 0 0
1  18.6  19.4 -16.4 -15.6 -19.4 -18.6
0  18.6 -16.4 -19.4 0 0 0
2  18.6  20.4 -16.4 -15.6 -19.4 -18.6
0  18.6 -16.4 -19.4 0 0 0
0  19.6 -16.4 -19.4 0 0 0
1  18.6  19.4 -16.4 -15.6 -18.4 -17.6
0  18.6 -16.4 -18.4 0 0 0
2  18.6  19.4 -16.4 -15.6 -19.4 -17.6
0  18.6 -16.4 -19.4 0 0 0
0  18.6 -16.4 -18.4 0 0 0
1  18.6  19.4 -16.4 -15.6 -17.4 -16.6
0  18.6 -16.4 -17.4 0 0 0
2  18.6  19.4 -16.4 -15.6 -18.4 -16.6
0  18.6 -16.4 -18.4 0 0 0
0  18.6 -16.4 -17.4 0 0 0
1  19.6  20.4 -16.4 -15.6 -17.4 -16.6
0  19.6 -16.4 -17.4 0 0 0
2  18.6  20.4 -16.4 -15.6 -17.4 -16.6
0  18.6 -16.4 -17.4 0 0 0
0  19.6 -16.4 -17.4 0 0 0
1  19.6  20.4 -15.4 -14.6 -17.4 -16.6
0  19.6 -16.4 -17.4 0 0 0
0  19.6 -15.4 -17.4 0 0 0
2  19.6  20.4 -16.4 -14.6 -17.4 -16.6
0  19.6 -16.4 -17.4 0 0 0
0  19.6 -15.4 -17.4 0 0 0
1  19.6  20.4 -14.4 -13.6 -17.4 -16.6
0  19.6 -15.4 -17.4 0 0 0
0  19.6 -14.4 -17.4 0 0 0
2  19.6  20.4 -15.4 -13.6 -17.4 -16.6
0  19.6 -16.4 -17.4 0 0 0
0  19.6 -15.4 -17.4 0 0 0
0  19.6 -14.4 -17.4 0 0 0
1  20.6  21.4 -14.4 -13.6 -17.4 -16.6
0  20.6 -15.4 -17.4 0 0 0
0  20.6 -14.4 -17.4 0 0 0
2  19.6  21.4 -14.4 -13.6 -17.4 -16.6
0  19.6 -15.4 -17.4 0 0 0
0  19.6 -14.4 -17.4 0 0 0
0  20.6 -15.4 -17.4 0 0 0
0  20.6 -14.4 -17.4 0 0 0
1  20.6  21.4 -14.4 -13.6 -18.4 -17.6
0  20.6 -15.4 -18.4 0 0 0
0  20.6 -14.4 -18.4 0 0 0
2  20.6  21.4 -14.4 -13.6 -18.4 -16.6
0  20.6 -15.4 -18.4 0 0 0
0  20.6 -15.4 -17.4 0 0 0
0  20.6 -14.4 -18.4 0 0 0
0  20.6 -14.4 -17.4 0 0 0
1  20.6  21.4 -15.4 -14.6 -18.4 -17.6
0  20.6 -16.4 -18.4 0 0 0
0  20.6 -15.4 -18.4 0 0 0
2  20.6  21.4 -15.4 -13.6 -18.4 -17.6
0  20.6 -16.4 -18.4 0 0 0
0  20.6 -15.4 -18.4 0 0 0
0  20.6 -14.4 -18.4 0 0 0
1  20.6  21.4 -15.4 -14.6 -17.4 -16.6
0  20.6 -16.4 -17.4 0 0 0
0  20.6 -15.4 -17.4 0 0 0
2  20.6  21.4 -15.4 -14.6 -18.4 -16.6
0  20.6 -16.4 -18.4 0 0 0
0  20.6 -16.4 -17.4 0 0 0
0  20.6 -15.4 -18.4 0 0 0
0  20.6 -15.4 -17.4 0 0 0
1  20.6  21.4 -16.4 -15.6 -17.4 -16.6
0  20.6 -16.4 -17.4 0 0 0
2  20.6  21.4 -16.4 -14.6 -17.4 -16.6
0  20.6 -16.4 -17.4 0 0 0
0  20.6 -15.4 -17.4 0 0 0
1  20.6  21.4 -16.4 -15.6 -18.4 -17.6
0  20.6 -16.4 -18.4 0 0 0
2  20.6  21.4 -16.4 -15.6 -18.4 -16.6
0  20.6 -16.4 -18.4 0 0 0
0  20.6 -16.4 -17.4 0 0 0
1  19.6  20.4 -16.4 -15.6 -18.4 -17.6
0  19.6 -16.4 -18.4 0 0 0
2  19.6  21.4 -16.4 -15.6 -18.4 -17.6
0  19.6 -16.4 -18.4 0 0 0
0  20.6 -16.4 -18.4 0 0 0
1  20.6  21.4 -16.4 -15.6 -20.4 -19.6
0  20.6 -16.4 -20.4 0 0 0
1  20.6  21.4 -16.4 -15.6 -19.4 -18.6
0  20.6 -16.4 -19.4 0 0 0
2  20.6  21.4 -16.4 -15.6 -20.4 -18.6
0  20.6 -16.4 -20.4 0 0 0
0  20.6 -16.4 -19.4 0 0 0
1  20.6  21.4 -15.4 -14.6 -19.4 -18.6
0  20.6 -16.4 -19.4 0 0 0
0  20.6 -15.4 -19.4 0 0 0
2  20.6  21.4 -16.4 -14.6 -19.4 -18.6
0  20.6 -16.4 -19.4 0 0 0
0  20.6 -15.4 -19.4 0 0 0
1  20.6  21.4 -15.4 -14.6 -20.4 -19.6
0  20.6 -16.4 -20.4 0 0 0
0  20.6 -15.4 -20.4 0 0 0
2  20.6  21.4 -15.4 -14.6 -20.4 -18.6
0  20.6 -16.4 -20.4 0 0 0
0  20.6 -16.4 -19.4 0 0 0
0  20.6 -15.4 -20.4 0 0 0
0  20.6 -15.4 -19.4 0 0 0
1  21.6  22.4 -15.4 -14.6 -20.4 -19.6
0  21.6 -16.4 -20.4 0 0 0
0  21.6 -15.4 -20.4 0 0 0
2  20.6  22.4 -15.4 -14.6 -20.4 -19.6
0  20.6 -16.4 -20.4 0 0 0
0  20.6 -15.4 -20.4 0 0 0
0  21.6 -16.4 -20.4 0 0 0
0  21.6 -15.4 -20.4 0 0 0
1  21.6  22.4 -15.4 -14.6 -19.4 -18.6
0  21.6 -16.4 -19.4 0 0 0
0  21.6 -15.4 -19.4 0 0 0
2  21.6  22.4 -15.4 -14.6 -20.4 -18.6
0  21.6 -16.4 -20.4 0 0 0
0  21.6 -16.4 -19.4 0 0 0
0  21.6 -15.4 -20.4 0 0 0
0  21.6 -15.4 -19.4 0 0 0
1  21.6  22.4 -15.4 -14.6 -18.4 -17.6
0  21.6 -16.4 -18.4 0 0 0
0  21.6 -15.4 -18.4 0 0 0
2  21.6  22.4 -15.4 -14.6 -19.4 -17.6
0  21.6 -16.4 -19.4 0 0 0
0  21.6 -16.4 -18.4 0 0 0
0  21.6 -15.4 -19.4 0 0 0
0  21.6 -15.4 -18.4 0 0 0
1  21.6  22.4 -14.4 -13.6 -18.4 -17.6
0  21.6 -15.4 -18.4 0 0 0
0  21.6 -14.4 -18.4 0 0 0
2  21.6  22.4 -15.4 -13.6 -18.4 -17.6
0  21.6 -16.4 -18.4 0 0 0
0  21.6 -15.4 -18.4 0 0 0
0  21.6 -14.4 -18.4 0 0 0
1  21.6  22.4 -14.4 -13.6 -17.4 -16.6
0  21.6 -15.4 -17.4 0 0 0
0  21.6 -14.4 -17.4 0 0 0
2  21.6  22.4 -14.4 -13.6 -18.4 -16.6
0  21.6 -15.4 -18.4 0 0 0
0  21.6 -15.4 -17.4 0 0 0
0  21.6 -14.4 -18.4 0 0 0
0  21.6 -14.4 -17.4 0 0 0
1  21.6  22.4 -15.4 -14.6 -17.4 -16.6
0  21.6 -16.4 -17.4 0 0 0
0  21.6 -15.4 -17.4 0 0 0
2  21.6  22.4 -15.4 -13.6 -17.4 -16.6
0  21.6 -16.4 -17.4 0 0 0
0  21.6 -15.4 -17.4 0 0 0
0  21.6 -14.4 -17.4 0 0 0
1  21.6  22.4 -16.4 -15.6 -17.4 -16.6
0  21.6 -16.4 -17.4 0 0 0
2  21.6  22.4 -16.4 -14.6 -17.4 -16.6
0  21.6 -16.4 -17.4 0 0 0
0  21.6 -15.4 -17.4 0 0 0
1  21.6  22.4 -16.4 -15.6 -18.4 -17.6
0  21.6 -16.4 -18.4 0 0 0
2  21.6  22.4 -16.4 -15.6 -18.4 -16.6
0  21.6 -16.4 -18.4 0 0 0
0  21.6 -16.4 -17.4 0 0 0
1  21.6  22.4 -16.4 -15.6 -19.4 -18.6
0  21.6 -16.4 -19.4 0 0 0
1  21.6  22.4 -16.4 -15.6 -20.4 -19.6
0  21.6 -16.4 -20.4 0 0 0
2  21.6  22.4 -16.4 -15.6 -20.4 -18.6
0  21.6 -16.4 -20.4 0 0 0
0  21.6 -16.4 -19.4 0 0 0
1  20.6  21.4 -16.4 -15.6 -21.4 -20.6
0  20.6 -16.4 -21.4 0 0 0
1  19.6  20.4 -16.4 -15.6 -21.4 -20.6
0  19.6 -16.4 -21.4 0 0 0
2  19.6  21.4 -16.4 -15.6 -21.4 -20.6
0  19.6 -16.4 -21.4 0 0 0
0  20.6 -16.4 -21.4 0 0 0
1  19.6  20.4 -15.4 -14.6 -21.4 -20.6
0  19.6 -16.4 -21.4 0 0 0
0  19.6 -15.4 -21.4 0 0 0
2  19.6  20.4 -16.4 -14.6 -21.4 -20.6
0  19.6 -16.4 -21.4 0 0 0
0  19.6 -15.4 -21.4 0 0 0
1  19.6  20.4 -14.4 -13.6 -21.4 -20.6
0  19.6 -15.4 -21.4 0 0 0
0  19.6 -14.4 -21.4 0 0 0
2  19.6  20.4 -15.4 -13.6 -21.4 -20.6
0  19.6 -16.4 -21.4 0 0 0
0  19.6 -15.4 -21.4 0 0 0
0  19.6 -14.4 -21.4 0 0 0
1  19.6  20.4 -14.4 -13.6 -20.4 -19.6
0  19.6 -15.4 -20.4 0 0 0
0  19.6 -14.4 -20.4 0 0 0
2  19.6  20.4 -14.4 -13.6 -21.4 -19.6
0  19.6 -15.4 -21.4 0 0 0
0  19.6 -15.4 -20.4 0 0 0
0  19.6 -14.4 -21.4 0 0 0
0  19.6 -14.4 -20.4 0 0 0
1  20.6  21.4 -14.4 -13.6 -20.4 -19.6
0  20.6 -15.4 -20.4 0 0 0
0  20.6 -14.4 -20.4 0 0 0
2  19.6  21.4 -14.4 -13.6 -20.4 -19.6
0  19.6 -15.4 -20.4 0 0 0
0  19.6 -14.4 -20.4 0 0 0
0  20.6 -15.4 -20.4 0 0 0
0  20.6 -14.4 -20.4 0 0 0
1  20.6  21.4 -14.4 -13.6 -19.4 -18.6
0  20.6 -15.4 -19.4 0 0 0
0  20.6 -14.4 -19.4 0 0 0
2  20.6  21.4 -14.4 -13.6 -20.4 -18.6
0  20.6 -15.4 -20.4 0 0 0
0  20.6 -15.4 -19.4 0 0 0
0  20.6 -14.4 -20.4 0 0 0
0  20.6 -14.4 -19.4 0 0 0
1  21.6  22.4 -14.4 -13.6 -19.4 -18.6
0  21.6 -15.4 -19.4 0 0 0
0  21.6 -14.4 -19.4 0 0 0
2  20.6  22.4 -14.4 -13.6 -19.4 -18.6
0  20.6 -15.4 -19.4 0 0 0
0  20.6 -14.4 -19.4 0 0 0
0  21.6 -15.4 -19.4 0 0 0
0  21.6 -14.4 -19.4 0 0 0
1  21.6  22.4 -14.4 -13.6 -20.4 -19.6
0  21.6 -15.4 -20.4 0 0 0
0  21.6 -14.4 -20.4 0 0 0
2  21.6  22.4 -14.4 -13.6 -20.4 -18.6
0  21.6 -15.4 -20.4 0 0 0
0  21.6 -15.4 -19.4 0 0 0
0  21.6 -14.4 -20.4 0 0 0
0  21.6 -14.4 -19.4 0 0 0
1  21.6  22.4 -14.4 -13.6 -21.4 -20.6
0  21.6 -15.4 -21.4 0 0 0
0  21.6 -14.4 -21.4 0 0 0
2  21.6  22.4 -14.4 -13.6 -21.4 -19.6
0  21.6 -15.4 -21.4 0 0 0
0  21.6 -15.4 -20.4 0 0 0
0  21.6 -14.4 -21.4 0 0 0
0  21.6 -14.4 -20.4 0 0 0
1  20.6  21.4 -14.4 -13.6 -21.4 -20.6
0  20.6 -15.4 -21.4 0 0 0
0  20.6 -14.4 -21.4 0 0 0
2  20.6  22.4 -14.4 -13.6 -21.4 -20.6
0  20.6 -15.4 -21.4 0 0 0
0  20.6 -14.4 -21.4 0 0 0
0  21.6 -15.4 -21.4 0 0 0
0  21.6 -14.4 -21.4 0 0 0
1  20.6  21.4 -13.4 -12.6 -21.4 -20.6
0  20.6 -14.4 -21.4 0 0 0
0  20.6 -13.4 -21.4 0 0 0
2  20.6  21.4 -14.4 -12.6 -21.4 -20.6
0  20.6 -15.4 -21.4 0 0 0
0  20.6 -14.4 -21.4 0 0 0
0  20.6 -13.4 -21.4 0 0 0
1  20.6  21.4 -13.4 -12.6 -20.4 -19.6
0  20.6 -14.4 -20.4 0 0 0
0  20.6 -13.4 -20.4 0 0 0
2  20.6  21.4 -13.4 -12.6 -21.4 -19.6
0  20.6 -14.4 -21.4 0 0 0
0  20.6 -14.4 -20.4 0 0 0
0  20.6 -13.4 -21.4 0 0 0
0  20.6 -13.4 -20.4 0 0 0
1  21.6  22.4 -13.4 -12.6 -20.4 -19.6
0  21.6 -14.4 -20.4 0 0 0
0  21.6 -13.4 -20.4 0 0 0
2  20.6  22.4 -13.4 -12.6 -20.4 -19.6
0  20.6 -14.4 -20.4 0 0 0
0  20.6 -13.4 -20.4 0 0 0
0  21.6 -14.4 -20.4 0 0 0
0  21.6 -13.4 -20.4 0 0 0
1  21.6  22.4 -13.4 -12.6 -19.4 -18.6
0  21.6 -14.4 -19.4 0 0 0
0  21.6 -13.4 -19.4 0 0 0
2  21.6  22.4 -13.4 -12.6 -20.4 -18.6
0  21.6 -14.4 -20.4 0 0 0
0  21.6 -14.4 -19.4 0 0 0
0  21.6 -13.4 -20.4 0 0 0
0  21.6 -13.4 -19.4 0 0 0
1  21.6  22.4 -13.4 -12.6 -18.4 -17.6
0  21.6 -14.4 -18.4 0 0 0
0  21.6 -13.4 -18.4 0 0 0
2  21.6  22.4 -13.4 -12.6 -19.4 -17.6
0  21.6 -14.4 -19.4 0 0 0
0  21.6 -14.4 -18.4 0 0 0
0  21.6 -13.4 -19.4 0 0 0
0  21.6 -13.4 -18.4 0 0 0
1  21.6  22.4 -13.4 -12.6 -17.4 -16.6
0  21.6 -14.4 -17.4 0 0 0
0  21.6 -13.4 -17.4 0 0 0
2  21.6  22.4 -13.4 -12.6 -18.4 -16.6
0  21.6 -14.4 -18.4 0 0 0
0  21.6 -14.4 -17.4 0 0 0
0  21.6 -13.4 -18.4 0 0 0
0  21.6 -13.4 -17.4 0 0 0
1  20.6  21.4 -13.4 -12.6 -17.4 -16.6
0  20.6 -14.4 -17.4 0 0 0
0  20.6 -13.4 -17.4 0 0 0
2  20.6  22.4 -13.4 -12.6 -17.4 -16.6
0  20.6 -14.4 -17.4 0 0 0
0  20.6 -13.4 -17.4 0 0 0
0  21.6 -14.4 -17.4 0 0 0
0  21.6 -13.4 -17.4 0 0 0
1  20.6  21.4 -13.4 -12.6 -18.4 -17.6
0  20.6 -14.4 -18.4 0 0 0
0  20.6 -13.4 -18.4 0 0 0
2  20.6  21.4 -13.4 -12.6 -18.4 -16.6
0  20.6 -14.4 -18.4 0 0 0
0  20.6 -14.4 -17.4 0 0 0
0  20.6 -13.4 -18.4 0 0 0
0  20.6 -13.4 -17.4 0 0 0
1  19.6  20.4 -13.4 -12.6 -18.4 -17.6
0  19.6 -14.4 -18.4 0 0 0
0  19.6 -13.4 -18.4 0 0 0
2  19.6  21.4 -13.4 -12.6 -18.4 -17.6
0  19.6 -14.4 -18.4 0 0 0
0  19.6 -13.4 -18.4 0 0 0
0  20.6 -14.4 -18.4 0 0 0
0  20.6 -13.4 -18.4 0 0 0
1  18.6  19.4 -13.4 -12.6 -18.4 -17.6
0  18.6 -14.4 -18.4 0 0 0
0  18.6 -13.4 -18.4 0 0 0
2  18.6  20.4 -13.4 -12.6 -18.4 -17.6
0  18.6 -14.4 -18.4 0 0 0
0  18.6 -13.4 -18.4 0 0 0
0  19.6 -14.4 -18.4 0 0 0
0  19.6 -13.4 -18.4 0 0 0
1  17.6  18.4 -13.4 -12.6 -18.4 -17.6
0  17.6 -14.4 -18.4 0 0 0
0  17.6 -13.4 -18.4 0 0 0
2  17.6  19.4 -13.4 -12.6 -18.4 -17.6
0  17.6 -14.4 -18.4 0 0 0
0  17.6 -13.4 -18.4 0 0 0
0  18.6 -14.4 -18.4 0 0 0
0  18.6 -13.4 -18.4 0 0 0
1  16.6  17.4 -13.4 -12.6 -18.4 -17.6
0  16.6 -14.4 -18.4 0 0 0
0  16.6 -13.4 -18.4 0 0 0
1  16.6  17.4 -13.4 -12.6 -17.4 -16.6
0  16.6 -14.4 -17.4 0 0 0
0  16.6 -13.4 -17.4 0 0 0
2  16.6  17.4 -13.4 -12.6 -18.4 -16.6
0  16.6 -14.4 -18.4 0 0 0
0  16.6 -14.4 -17.4 0 0 0
0  16.6 -13.4 -18.4 0 0 0
0  16.6 -13.4 -17.4 0 0 0
1  17.6  18.4 -13.4 -12.6 -17.4 -16.6
0  17.6 -14.4 -17.4 0 0 0
0  17.6 -13.4 -17.4 0 0 0
2  16.6  18.4 -13.4 -12.6 -17.4 -16.6
0  16.6 -14.4 -17.4 0 0 0
0  16.6 -13.4 -17.4 0 0 0
0  17.6 -14.4 -17.4 0 0 0
0  17.6 -13.4 -17.4 0 0 0
1  18.6  19.4 -13.4 -12.6 -17.4 -16.6
0  18.6 -14.4 -17.4 0 0 0
0  18.6 -13.4 -17.4 0 0 0
2  17.6  19.4 -13.4 -12.6 -17.4 -16.6
0  17.6 -14.4 -17.4 0 0 0
0  17.6 -13.4 -17.4 0 0 0
0  18.6 -14.4 -17.4 0 0 0
0  18.6 -13.4 -17.4 0 0 0
1  19.6  20.4 -13.4 -12.6 -17.4 -16.6
0  19.6 -14.4 -17.4 0 0 0
0  19.6 -13.4 -17.4 0 0 0
2  18.6  20.4 -13.4 -12.6 -17.4 -16.6
0  18.6 -14.4 -17.4 0 0 0
0  18.6 -13.4 -17.4 0 0 0
0  19.6 -14.4 -17.4 0 0 0
0  19.6 -13.4 -17.4 0 0 0
1  19.6  20.4 -13.4 -12.6 -16.4 -15.6
0  19.6 -14.4 -16.4 0 0 0
0  19.6 -13.4 -16.4 0 0 0
1  19.6  20.4 -14.4 -13.6 -16.4 -15.6
0  19.6 -15.4 -16.4 0 0 0
0  19.6 -14.4 -16.4 0 0 0
2  19.6  20.4 -14.4 -12.6 -16.4 -15.6
0  19.6 -15.4 -16.4 0 0 0
0  19.6 -14.4 -16.4 0 0 0
0  19.6 -13.4 -16.4 0 0 0
1  19.6  20.4 -15.4 -14.6 -16.4 -15.6
0  19.6 -16.4 -16.4 0 0 0
0  19.6 -15.4 -16.4 0 0 0
2  19.6  20.4 -15.4 -13.6 -16.4 -15.6
0  19.6 -16.4 -16.4 0 0 0
0  19.6 -15.4 -16.4 0 0 0
0  19.6 -14.4 -16.4 0 0 0
1  19.6  20.4 -16.4 -15.6 -16.4 -15.6
0  19.6 -16.4 -16.4 0 0 0
2  19.6  20.4 -16.4 -14.6 -16.4 -15.6
0  19.6 -16.4 -16.4 0 0 0
0  19.6 -15.4 -16.4 0 0 0
1  18.6  19.4 -16.4 -15.6 -16.4 -15.6
0  18.6 -16.4 -16.4 0 0 0
2  18.6  20.4 -16.4 -15.6 -16.4 -15.6
0  18.6 -16.4 -16.4 0 0 0
0  19.6 -16.4 -16.4 0 0 0
1  18.6  19.4 -15.4 -14.6 -16.4 -15.6
0  18.6 -16.4 -16.4 0 0 0
0  18.6 -15.4 -16.4 0 0 0
2  18.6  19.4 -16.4 -14.6 -16.4 -15.6
0  18.6 -16.4 -16.4 0 0 0
0  18.6 -15.4 -16.4 0 0 0
1  17.6  18.4 -15.4 -14.6 -16.4 -15.6
0  17.6 -16.4 -16.4 0 0 0
0  17.6 -15.4 -16.4 0 0 0
2  17.6  19.4 -15.4 -14.6 -16.4 -15.6
0  17.6 -16.4 -16.4 0 0 0
0  17.6 -15.4 -16.4 0 0 0
0  18.6 -16.4 -16.4 0 0 0
0  18.6 -15.4 -16.4 0 0 0
1  17.6  18.4 -16.4 -15.6 -16.4 -15.6
0  17.6 -16.4 -16.4 0 0 0
2  17.6  18.4 -16.4 -14.6 -16.4 -15.6
0  17.6 -16.4 -16.4 0 0 0
0  17.6 -15.4 -16.4 0 0 0
1  16.6  17.4 -16.4 -15.6 -16.4 -15.6
0  16.6 -16.4 -16.4 0 0 0
2  16.6  18.4 -16.4 -15.6 -16.4 -15.6
0  16.6 -16.4 -16.4 0 0 0
0  17.6 -16.4 -16.4 0 0 0
1  20.6  21.4 -16.4 -15.6 -16.4 -15.6
0  20.6 -16.4 -16.4 0 0 0
1  20.6  21.4 -15.4 -14.6 -16.4 -15.6
0  20.6 -16.4 -16.4 0 0 0
0  20.6 -15.4 -16.4 0 0 0
2  20.6  21.4 -16.4 -14.6 -16.4 -15.6
0  20.6 -16.4 -16.4 0 0 0
0  20.6 -15.4 -16.4 0 0 0
1  20.6  21.4 -14.4 -13.6 -16.4 -15.6
0  20.6 -15.4 -16.4 0 0 0
0  20.6 -14.4 -16.4 0 0 0
2  20.6  21.4 -15.4 -13.6 -16.4 -15.6
0  20.6 -16.4 -16.4 0 0 0
0  20.6 -15.4 -16.4 0 0 0
0  20.6 -14.4 -16.4 0 0 0
1  21.6  22.4 -14.4 -13.6 -16.4 -15.6
0  21.6 -15.4 -16.4 0 0 0
0  21.6 -14.4 -16.4 0 0 0
2  20.6  22.4 -14.4 -13.6 -16.4 -15.6
0  20.6 -15.4 -16.4 0 0 0
0  20.6 -14.4 -16.4 0 0 0
0  21.6 -15.4 -16.4 0 0 0
0  21.6 -14.4 -16.4 0 0 0
1  21.6  22.4 -13.4 -12.6 -16.4 -15.6
0  21.6 -14.4 -16.4 0 0 0
0  21.6 -13.4 -16.4 0 0 0
2  21.6  22.4 -14.4 -12.6 -16.4 -15.6
0  21.6 -15.4 -16.4 0 0 0
0  21.6 -14.4 -16.4 0 0 0
0  21.6 -13.4 -16.4 0 0 0
1  20.6  21.4 -13.4 -12.6 -16.4 -15.6
0  20.6 -14.4 -16.4 0 0 0
0  20.6 -13.4 -16.4 0 0 0
2  20.6  22.4 -13.4 -12.6 -16.4 -15.6
0  20.6 -14.4 -16.4 0 0 0
0  20.6 -13.4 -16.4 0 0 0
0  21.6 -14.4 -16.4 0 0 0
0  21.6 -13.4 -16.4 0 0 0
1  20.6  21.4 -13.4 -12.6 -15.4 -14.6
0  20.6 -14.4 -16.4 0 0 0
0  20.6 -14.4 -15.4 0 0 0
0  20.6 -13.4 -16.4 0 0 0
0  20.6 -13.4 -15.4 0 0 0
1  20.6  21.4 -14.4 -13.6 -15.4 -14.6
0  20.6 -15.4 -16.4 0 0 0
0  20.6 -15.4 -15.4 0 0 0
0  20.6 -14.4 -16.4 0 0 0
0  20.6 -14.4 -15.4 0 0 0
2  20.6  21.4 -14.4 -12.6 -15.4 -14.6
0  20.6 -15.4 -16.4 0 0 0
0  20.6 -15.4 -15.4 0 0 0
0  20.6 -14.4 -16.4 0 0 0
0  20.6 -14.4 -15.4 0 0 0
0  20.6 -13.4 -16.4 0 0 0
0  20.6 -13.4 -15.4 0 0 0
1  21.6  22.4 -14.4 -13.6 -15.4 -14.6
0  21.6 -15.4 -16.4 0 0 0
0  21.6 -15.4 -15.4 0 0 0
0  21.6 -14.4 -16.4 0 0 0
0  21.6 -14.4 -15.4 0 0 0
2  20.6  22.4 -14.4 -13.6 -15.4 -14.6
0  20.6 -15.4 -16.4 0 0 0
0  20.6 -15.4 -15.4 0 0 0
0  20.6 -14.4 -16.4 0 0 0
0  20.6 -14.4 -15.4 0 0 0
0  21.6 -15.4 -16.4 0 0 0
0  21.6 -15.4 -15.4 0 0 0
0  21.6 -14.4 -16.4 0 0 0
0  21.6 -14.4 -15.4 0 0 0
1  21.6  22.4 -13.4 -12.6 -15.4 -14.6
0  21.6 -14.4 -16.4 0 0 0
0  21.6 -14.4 -15.4 0 0 0
0  21.6 -13.4 -16.4 0 0 0
0  21.6 -13.4 -15.4 0 0 0
2  21.6  22.4 -14.4 -12.6 -15.4 -14.6
0  21.6 -15.4 -16.4 0 0 0
0  21.6 -15.4 -15.4 0 0 0
0  21.6 -14.4 -16.4 0 0 0
0  21.6 -14.4 -15.4 0 0 0
0  21.6 -13.4 -16.4 0 0 0
0  21.6 -13.4 -15.4 0 0 0
1  17.6  18.4 -13.4 -12.6 -16.4 -15.6
0  17.6 -14.4 -16.4 0 0 0
0  17.6 -13.4 -16.4 0 0 0
1  18.6  19.4 -13.4 -12.6 -16.4 -15.6
0  18.6 -14.4 -16.4 0 0 0
0  18.6 -13.4 -16.4 0 0 0
2  17.6  19.4 -13.4 -12.6 -16.4 -15.6
0  17.6 -14.4 -16.4 0 0 0
0  17.6 -13.4 -16.4 0 0 0
0  18.6 -14.4 -16.4 0 0 0
0  18.6 -13.4 -16.4 0 0 0
1  18.6  19.4 -14.4 -13.6 -16.4 -15.6
0  18.6 -15.4 -16.4 0 0 0
0  18.6 -14.4 -16.4 0 0 0
2  18.6  19.4 -14.4 -12.6 -16.4 -15.6
0  18.6 -15.4 -16.4 0 0 0
0  18.6 -14.4 -16.4 0 0 0
0  18.6 -13.4 -16.4 0 0 0
1  17.6  18.4 -14.4 -13.6 -16.4 -15.6
0  17.6 -15.4 -16.4 0 0 0
0  17.6 -14.4 -16.4 0 0 0
2  17.6  19.4 -14.4 -13.6 -16.4 -15.6
0  17.6 -15.4 -16.4 0 0 0
0  17.6 -14.4 -16.4 0 0 0
0  18.6 -15.4 -16.4 0 0 0
0  18.6 -14.4 -16.4 0 0 0
1  17.6  18.4 -14.4 -13.6 -15.4 -14.6
0  17.6 -15.4 -16.4 0 0 0
0  17.6 -15.4 -15.4 0 0 0
0  17.6 -14.4 -16.4 0 0 0
0  17.6 -14.4 -15.4 0 0 0
2  17.6  18.4 -14.4 -13.6 -16.4 -14.6
0  17.6 -15.4 -16.4 0 0 0
0  17.6 -15.4 -15.4 0 0 0
0  17.6 -14.4 -16.4 0 0 0
0  17.6 -14.4 -15.4 0 0 0
1  18.6  19.4 -14.4 -13.6 -15.4 -14.6
0  18.6 -15.4 -16.4 0 0 0
0  18.6 -15.4 -15.4 0 0 0
0  18.6 -14.4 -16.4 0 0 0
0  18.6 -14.4 -15.4 0 0 0
2  17.6  19.4 -14.4 -13.6 -15.4 -14.6
0  17.6 -15.4 -16.4 0 0 0
0  17.6 -15.4 -15.4 0 0 0
0  17.6 -14.4 -16.4 0 0 0
0  17.6 -14.4 -15.4 0 0 0
0  18.6 -15.4 -16.4 0 0 0
0  18.6 -15.4 -15.4 0 0 0
0  18.6 -14.4 -16.4 0 0 0
0  18.6 -14.4 -15.4 0 0 0
1  18.6  19.4 -15.4 -14.6 -15.4 -14.6
0  18.6 -16.4 -16.4 0 0 0
0  18.6 -16.4 -15.4 0 0 0
0  18.6 -15.4 -16.4 0 0 0
0  18.6 -15.4 -15.4 0 0 0
2  18.6  19.4 -15.4 -13.6 -15.4 -14.6
0  18.6 -16.4 -16.4 0 0 0
0  18.6 -16.4 -15.4 0 0 0
0  18.6 -15.4 -16.4 0 0 0
0  18.6 -15.4 -15.4 0 0 0
0  18.6 -14.4 -16.4 0 0 0
0  18.6 -14.4 -15.4 0 0 0
1  17.6  18.4 -15.4 -14.6 -15.4 -14.6
0  17.6 -16.4 -16.4 0 0 0
0  17.6 -16.4 -15.4 0 0 0
0  17.6 -15.4 -16.4 0 0 0
0  17.6 -15.4 -15.4 0 0 0
2  17.6  19.4 -15.4 -14.6 -15.4 -14.6
0  17.6 -16.4 -16.4 0 0 0
0  17.6 -16.4 -15.4 0 0 0
0  17.6 -15.4 -16.4 0 0 0
0  17.6 -15.4 -15.4 0 0 0
0  18.6 -16.4 -16.4 0 0 0
0  18.6 -16.4 -15.4 0 0 0
0  18.6 -15.4 -16.4 0 0 0
0  18.6 -15.4 -15.4 0 0 0
1  16.6  17.4 -15.4 -14.6 -15.4 -14.6
0  16.6 -16.4 -16.4 0 0 0
0  16.6 -16.4 -15.4 0 0 0
0  16.6 -15.4 -16.4 0 0 0
0  16.6 -15.4 -15.4 0 0 0
2  16.6  18.4 -15.4 -14.6 -15.4 -14.6
0  16.6 -16.4 -16.4 0 0 0
0  16.6 -16.4 -15.4 0 0 0
0  16.6 -15.4 -16.4 0 0 0
0  16.6 -15.4 -15.4 0 0 0
0  17.6 -16.4 -16.4 0 0 0
0  17.6 -16.4 -15.4 0 0 0
0  17.6 -15.4 -16.4 0 0 0
0  17.6 -15.4 -15.4 0 0 0
1  15.6  16.4 -15.4 -14.6 -15.4 -14.6
0  15.6 -16.4 -16.4 0 0 0
0  15.6 -16.4 -15.4 0 0 0
0  15.6 -15.4 -16.4 0 0 0
0  15.6 -15.4 -15.4 0 0 0
2  15.6  17.4 -15.4 -14.6 -15.4 -14.6
0  15.6 -16.4 -16.4 0 0 0
0  15.6 -16.4 -15.4 0 0 0
0  15.6 -15.4 -16.4 0 0 0
0  15.6 -15.4 -15.4 0 0 0
0  16.6 -16.4 -16.4 0 0 0
0  16.6 -16.4 -15.4 0 0 0
0  16.6 -15.4 -16.4 0 0 0
0  16.6 -15.4 -15.4 0 0 0
1  15.6  16.4 -14.4 -13.6 -15.4 -14.6
0  15.6 -15.4 -16.4 0 0 0
0  15.6 -15.4 -15.4 0 0 0
0  15.6 -14.4 -16.4 0 0 0
0  15.6 -14.4 -15.4 0 0 0
2  15.6  16.4 -15.4 -13.6 -15.4 -14.6
0  15.6 -16.4 -16.4 0 0 0
0  15.6 -16.4 -15.4 0 0 0
0  15.6 -15.4 -16.4 0 0 0
0  15.6 -15.4 -15.4 0 0 0
0  15.6 -14.4 -16.4 0 0 0
0  15.6 -14.4 -15.4 0 0 0
1  16.6  17.4 -14.4 -13.6 -15.4 -14.6
0  16.6 -15.4 -16.4 0 0 0
0  16.6 -15.4 -15.4 0 0 0
0  16.6 -14.4 -16.4 0 0 0
0  16.6 -14.4 -15.4 0 0 0
2  15.6  17.4 -14.4 -13.6 -15.4 -14.6
0  15.6 -15.4 -16.4 0 0 0
0  15.6 -15.4 -15.4 0 0 0
0  15.6 -14.4 -16.4 0 0 0
0  15.6 -14.4 -15.4 0 0 0
0  16.6 -15.4 -16.4 0 0 0
0  16.6 -15.4 -15.4 0 0 0
0  16.6 -14.4 -16.4 0 0 0
0  16.6 -14.4 -15.4 0 0 0
1  16.6  17.4 -13.4 -12.6 -15.4 -14.6
0  16.6 -14.4 -16.4 0 0 0
0  16.6 -14.4 -15.4 0 0 0
0  16.6 -13.4 -16.4 0 0 0
0  16.6 -13.4 -15.4 0 0 0
2  16.6  17.4 -14.4 -12.6 -15.4 -14.6
0  16.6 -15.4 -16.4 0 0 0
0  16.6 -15.4 -15.4 0 0 0
0  16.6 -14.4 -16.4 0 0 0
0  16.6 -14.4 -15.4 0 0 0
0  16.6 -13.4 -16.4 0 0 0
0  16.6 -13.4 -15.4 0 0 0
1  17.6  18.4 -13.4 -12.6 -15.4 -14.6
0  17.6 -14.4 -16.4 0 0 0
0  17.6 -14.4 -15.4 0 0 0
0  17.6 -13.4 -16.4 0 0 0
0  17.6 -13.4 -15.4 0 0 0
2  16.6  18.4 -13.4 -12.6 -15.4 -14.6
0  16.6 -14.4 -16.4 0 0 0
0  16.6 -14.4 -15.4 0 0 0
0  16.6 -13.4 -16.4 0 0 0
0  16.6 -13.4 -15.4 0 0 0
0  17.6 -14.4 -16.4 0 0 0
0  17.6 -14.4 -15.4 0 0 0
0  17.6 -13.4 -16.4 0 0 0
0  17.6 -13.4 -15.4 0 0 0
1  18.6  19.4 -13.4 -12.6 -15.4 -14.6
0  18.6 -14.4 -16.4 0 0 0
0  18.6 -14.4 -15.4 0 0 0
0  18.6 -13.4 -16.4 0 0 0
0  18.6 -13.4 -15.4 0 0 0
2  17.6  19.4 -13.4 -12.6 -15.4 -14.6
0  17.6 -14.4 -16.4 0 0 0
0  17.6 -14.4 -15.4 0 0 0
0  17.6 -13.4 -16.4 0 0 0
0  17.6 -13.4 -15.4 0 0 0
0  18.6 -14.4 -16.4 0 0 0
0  18.6 -14.4 -15.4 0 0 0
0  18.6 -13.4 -16.4 0 0 0
0  18.6 -13.4 -15.4 0 0 0
1  19.6  20.4 -13.4 -12.6 -15.4 -14.6
0  19.6 -14.4 -16.4 0 0 0
0  19.6 -14.4 -15.4 0 0 0
0  19.6 -13.4 -16.4 0 0 0
0  19.6 -13.4 -15.4 0 0 0
2  18.6  20.4 -13.4 -12.6 -15.4 -14.6
0  18.6 -14.4 -16.4 0 0 0
0  18.6 -14.4 -15.4 0 0 0
0  18.6 -13.4 -16.4 0 0 0
0  18.6 -13.4 -15.4 0 0 0
0  19.6 -14.4 -16.4 0 0 0
0  19.6 -14.4 -15.4 0 0 0
0  19.6 -13.4 -16.4 0 0 0
0  19.6 -13.4 -15.4 0 0 0
1  19.6  20.4 -14.4 -13.6 -15.4 -14.6
0  19.6 -15.4 -16.4 0 0 0
0  19.6 -15.4 -15.4 0 0 0
0  19.6 -14.4 -16.4 0 0 0
0  19.6 -14.4 -15.4 0 0 0
2  19.6  20.4 -14.4 -12.6 -15.4 -14.6
0  19.6 -15.4 -16.4 0 0 0
0  19.6 -15.4 -15.4 0 0 0
0  19.6 -14.4 -16.4 0 0 0
0  19.6 -14.4 -15.4 0 0 0
0  19.6 -13.4 -16.4 0 0 0
0  19.6 -13.4 -15.4 0 0 0
1  19.6  20.4 -15.4 -14.6 -15.4 -14.6
0  19.6 -16.4 -16.4 0 0 0
0  19.6 -16.4 -15.4 0 0 0
0  19.6 -15.4 -16.4 0 0 0
0  19.6 -15.4 -15.4 0 0 0
2  19.6  20.4 -15.4 -13.6 -15.4 -14.6
0  19.6 -16.4 -16.4 0 0 0
0  19.6 -16.4 -15.4 0 0 0
0  19.6 -15.4 -16.4 0 0 0
0  19.6 -15.4 -15.4 0 0 0
0  19.6 -14.4 -16.4 0 0 0
0  19.6 -14.4 -15.4 0 0 0
1  20.6  21.4 -15.4 -14.6 -15.4 -14.6
0  20.6 -16.4 -16.4 0 0 0
0  20.6 -16.4 -15.4 0 0 0
0  20.6 -15.4 -16.4 0 0 0
0  20.6 -15.4 -15.4 0 0 0
2  19.6  21.4 -15.4 -14.6 -15.4 -14.6
0  19.6 -16.4 -16.4 0 0 0
0  19.6 -16.4 -15.4 0 0 0
0  19.6 -15.4 -16.4 0 0 0
0  19.6 -15.4 -15.4 0 0 0
0  20.6 -16.4 -16.4 0 0 0
0  20.6 -16.4 -15.4 0 0 0
0  20.6 -15.4 -16.4 0 0 0
0  20.6 -15.4 -15.4 0 0 0
1  20.6  21.4 -16.4 -15.6 -15.4 -14.6
0  20.6 -16.4 -16.4 0 0 0
0  20.6 -16.4 -15.4 0 0 0
2  20.6  21.4 -16.4 -14.6 -15.4 -14.6
0  20.6 -16.4 -16.4 0 0 0
0  20.6 -16.4 -15.4 0 0 0
0  20.6 -15.4 -16.4 0 0 0
0  20.6 -15.4 -15.4 0 0 0
1  19.6  20.4 -16.4 -15.6 -15.4 -14.6
0  19.6 -16.4 -16.4 0 0 0
0  19.6 -16.4 -15.4 0 0 0
2  19.6  21.4 -16.4 -15.6 -15.4 -14.6
0  19.6 -16.4 -16.4 0 0 0
0  19.6 -16.4 -15.4 0 0 0
0  20.6 -16.4 -16.4 0 0 0
0  20.6 -16.4 -15.4 0 0 0
1  18.6  19.4 -16.4 -15.6 -15.4 -14.6
0  18.6 -16.4 -16.4 0 0 0
0  18.6 -16.4 -15.4 0 0 0
2  18.6  20.4 -16.4 -15.6 -15.4 -14.6
0  18.6 -16.4 -16.4 0 0 0
0  18.6 -16.4 -15.4 0 0 0
0  19.6 -16.4 -16.4 0 0 0
0  19.6 -16.4 -15.4 0 0 0
1  17.6  18.4 -16.4 -15.6 -15.4 -14.6
0  17.6 -16.4 -16.4 0 0 0
0  17.6 -16.4 -15.4 0 0 0
2  17.6  19.4 -16.4 -15.6 -15.4 -14.6
0  17.6 -16.4 -16.4 0 0 0
0  17.6 -16.4 -15.4 0 0 0
0  18.6 -16.4 -16.4 0 0 0
0  18.6 -16.4 -15.4 0 0 0
1  16.6  17.4 -16.4 -15.6 -15.4 -14.6
0  16.6 -16.4 -16.4 0 0 0
0  16.6 -16.4 -15.4 0 0 0
2  16.6  18.4 -16.4 -15.6 -15.4 -14.6
0  16.6 -16.4 -16.4 0 0 0
0  16.6 -16.4 -15.4 0 0 0
0  17.6 -16.4 -16.4 0 0 0
0  17.6 -16.4 -15.4 0 0 0
1  15.6  16.4 -16.4 -15.6 -15.4 -14.6
0  15.6 -16.4 -16.4 0 0 0
0  15.6 -16.4 -15.4 0 0 0
2  15.6  17.4 -16.4 -15.6 -15.4 -14.6
0  15.6 -16.4 -16.4 0 0 0
0  15.6 -16.4 -15.4 0 0 0
0  16.6 -16.4 -16.4 0 0 0
0  16.6 -16.4 -15.4 0 0 0
1  14.6  15.4 -16.4 -15.6 -15.4 -14.6
0  14.6 -16.4 -16.4 0 0 0
0  14.6 -16.4 -15.4 0 0 0
2  14.6  16.4 -16.4 -15.6 -15.4 -14.6
0  14.6 -16.4 -16.4 0 0 0
0  14.6 -16.4 -15.4 0 0 0
0  15.6 -16.4 -16.4 0 0 0
0  15.6 -16.4 -15.4 0 0 0
1  14.6  15.4 -15.4 -14.6 -15.4 -14.6
0  14.6 -16.4 -16.4 0 0 0
0  14.6 -16.4 -15.4 0 0 0
0  14.6 -15.4 -16.4 0 0 0
0  14.6 -15.4 -15.4 0 0 0
2  14.6  15.4 -16.4 -14.6 -15.4 -14.6
0  14.6 -16.4 -16.4 0 0 0
0  14.6 -16.4 -15.4 0 0 0
0  14.6 -15.4 -16.4 0 0 0
0  14.6 -15.4 -15.4 0 0 0
1  13.6  14.4 -15.4 -14.6 -15.4 -14.6
0  13.6 -16.4 -16.4 0 0 0
0  13.6 -16.4 -15.4 0 0 0
0  13.6 -15.4 -16.4 0 0 0
0  13.6 -15.4 -15.4 0 0 0
2  13.6  15.4 -15.4 -14.6 -15.4 -14.6
0  13.6 -16.4 -16.4 0 0 0
0  13.6 -16.4 -15.4 0 0 0
0  13.6 -15.4 -16.4 0 0 0
0  13.6 -15.4 -15.4 0 0 0
0  14.6 -16.4 -16.4 0 0 0
0  14.6 -16.4 -15.4 0 0 0
0  14.6 -15.4 -16.4 0 0 0
0  14.6 -15.4 -15.4 0 0 0
1  13.6  14.4 -16.4 -15.6 -15.4 -14.6
0  13.6 -16.4 -16.4 0 0 0
0  13.6 -16.4 -15.4 0 0 0
2  13.6  14.4 -16.4 -14.6 -15.4 -14.6
0  13.6 -16.4 -16.4 0 0 0
0  13.6 -16.4 -15.4 0 0 0
0  13.6 -15.4 -16.4 0 0 0
0  13.6 -15.4 -15.4 0 0 0
1  12.6  13.4 -16.4 -15.6 -15.4 -14.6
0  12.6 -16.4 -16.4 0 0 0
0  12.6 -16.4 -15.4 0 0 0
2  12.6  14.4 -16.4 -15.6 -15.4 -14.6
0  12.6 -16.4 -16.4 0 0 0
0  12.6 -16.4 -15.4 0 0 0
0  13.6 -16.4 -16.4 0 0 0
0  13.6 -16.4 -15.4 0 0 0
1  11.6  12.4 -16.4 -15.6 -15.4 -14.6
0  11.6 -16.4 -16.4 0 0 0
0  11.6 -16.4 -15.4 0 0 0
2  11.6  13.4 -16.4 -15.6 -15.4 -14.6
0  11.6 -16.4 -16.4 0 0 0
0  11.6 -16.4 -15.4 0 0 0
0  12.6 -16.4 -16.4 0 0 0
0  12.6 -16.4 -15.4 0 0 0
1  11.6  12.4 -16.4 -15.6 -14.4 -13.6
0  11.6 -16.4 -15.4 0 0 0
0  11.6 -16.4 -14.4 0 0 0
2  11.6  12.4 -16.4 -15.6 -15.4 -13.6
0  11.6 -16.4 -16.4 0 0 0
0  11.6 -16.4 -15.4 0 0 0
0  11.6 -16.4 -14.4 0 0 0
1  12.6  13.4 -16.4 -15.6 -14.4 -13.6
0  12.6 -16.4 -15.4 0 0 0
0  12.6 -16.4 -14.4 0 0 0
2  11.6  13.4 -16.4 -15.6 -14.4 -13.6
0  11.6 -16.4 -15.4 0 0 0
0  11.6 -16.4 -14.4 0 0 0
0  12.6 -16.4 -15.4 0 0 0
0  12.6 -16.4 -14.4 0 0 0
1  13.6  14.4 -16.4 -15.6 -14.4 -13.6
0  13.6 -16.4 -15.4 0 0 0
0  13.6 -16.4 -14.4 0 0 0
2  12.6  14.4 -16.4 -15.6 -14.4 -13.6
0  12.6 -16.4 -15.4 0 0 0
0  12.6 -16.4 -14.4 0 0 0
0  13.6 -16.4 -15.4 0 0 0
0  13.6 -16.4 -14.4 0 0 0
1  14.6  15.4 -16.4 -15.6 -14.4 -13.6
0  14.6 -16.4 -15.4 0 0 0
0  14.6 -16.4 -14.4 0 0 0
2  13.6  15.4 -16.4 -15.6 -14.4 -13.6
0  13.6 -16.4 -15.4 0 0 0
0  13.6 -16.4 -14.4 0 0 0
0  14.6 -16.4 -15.4 0 0 0
0  14.6 -16.4 -14.4 0 0 0
1  15.6  16.4 -16.4 -15.6 -14.4 -13.6
0  15.6 -16.4 -15.4 0 0 0
0  15.6 -16.4 -14.4 0 0 0
2  14.6  16.4 -16.4 -15.6 -14.4 -13.6
0  14.6 -16.4 -15.4 0 0 0
0  14.6 -16.4 -14.4 0 0 0
0  15.6 -16.4 -15.4 0 0 0
0  15.6 -16.4 -14.4 0 0 0
1  15.6  16.4 -15.4 -14.6 -14.4 -13.6
0  15.6 -16.4 -15.4 0 0 0
0  15.6 -16.4 -14.4 0 0 0
0  15.6 -15.4 -15.4 0 0 0
0  15.6 -15.4 -14.4 0 0 0
2  15.6  16.4 -16.4 -14.6 -14.4 -13.6
0  15.6 -16.4 -15.4 0 0 0
0  15.6 -16.4 -14.4 0 0 0
0  15.6 -15.4 -15.4 0 0 0
0  15.6 -15.4 -14.4 0 0 0
1  15.6  16.4 -14.4 -13.6 -14.4 -13.6
0  15.6 -15.4 -15.4 0 0 0
0  15.6 -15.4 -14.4 0 0 0
0  15.6 -14.4 -15.4 0 0 0
0  15.6 -14.4 -14.4 0 0 0
2  15.6  16.4 -15.4 -13.6 -14.4 -13.6
0  15.6 -16.4 -15.4 0 0 0
0  15.6 -16.4 -14.4 0 0 0
0  15.6 -15.4 -15.4 0 0 0
0  15.6 -15.4 -14.4 0 0 0
0  15.6 -14.4 -15.4 0 0 0
0  15.6 -14.4 -14.4 0 0 0
1  16.6  17.4 -14.4 -13.6 -14.4 -13.6
0  16.6 -15.4 -15.4 0 0 0
0  16.6 -15.4 -14.4 0 0 0
0  16.6 -14.4 -15.4 0 0 0
0  16.6 -14.4 -14.4 0 0 0
2  15.6  17.4 -14.4 -13.6 -14.4 -13.6
0  15.6 -15.4 -15.4 0 0 0
0  15.6 -15.4 -14.4 0 0 0
0  15.6 -14.4 -15.4 0 0 0
0  15.6 -14.4 -14.4 0 0 0
0  16.6 -15.4 -15.4 0 0 0
0  16.6 -15.4 -14.4 0 0 0
0  16.6 -14.4 -15.4 0 0 0
0  16.6 -14.4 -14.4 0 0 0
1  17.6  18.4 -14.4 -13.6 -14.4 -13.6
0  17.6 -15.4 -15.4 0 0 0
0  17.6 -15.4 -14.4 0 0 0
0  17.6 -14.4 -15.4 0 0 0
0  17.6 -14.4 -14.4 0 0 0
2  16.6  18.4 -14.4 -13.6 -14.4 -13.6
0  16.6 -15.4 -15.4 0 0 0
0  16.6 -15.4 -14.4 0 0 0
0  16.6 -14.4 -15.4 0 0 0
0  16.6 -14.4 -14.4 0 0 0
0  17.6 -15.4 -15.4 0 0 0
0  17.6 -15.4 -14.4 0 0 0
0  17.6 -14.4 -15.4 0 0 0
0  17.6 -14.4 -14.4 0 0 0
1  18.6  19.4 -14.4 -13.6 -14.4 -13.6
0  18.6 -15.4 -15.4 0 0 0
0  18.6 -15.4 -14.4 0 0 0
0  18.6 -14.4 -15.4 0 0 0
0  18.6 -14.4 -14.4 0 0 0
2  17.6  19.4 -14.4 -13.6 -14.4 -13.6
0  17.6 -15.4 -15.4 0 0 0
0  17.6 -15.4 -14.4 0 0 0
0  17.6 -14.4 -15.4 0 0 0
0  17.6 -14.4 -14.4 0 0 0
0  18.6 -15.4 -15.4 0 0 0
0  18.6 -15.4 -14.4 0 0 0
0  18.6 -14.4 -15.4 0 0 0
0  18.6 -14.4 -14.4 0 0 0
1  18.6  19.4 -15.4 -14.6 -14.4 -13.6
0  18.6 -16.4 -15.4 0 0 0
0  18.6 -16.4 -14.4 0 0 0
0  18.6 -15.4 -15.4 0 0 0
0  18.6 -15.4 -14.4 0 0 0
2  18.6  19.4 -15.4 -13.6 -14.4 -13.6
0  18.6 -16.4 -15.4 0 0 0
0  18.6 -16.4 -14.4 0 0 0
0  18.6 -15.4 -15.4 0 0 0
0  18.6 -15.4 -14.4 0 0 0
0  18.6 -14.4 -15.4 0 0 0
0  18.6 -14.4 -14.4 0 0 0
1  18.6  19.4 -16.4 -15.6 -14.4 -13.6
0  18.6 -16.4 -15.4 0 0 0
0  18.6 -16.4 -14.4 0 0 0
2  18.6  19.4 -16.4 -14.6 -14.4 -13.6
0  18.6 -16.4 -15.4 0 0 0
0  18.6 -16.4 -14.4 0 0 0
0  18.6 -15.4 -15.4 0 0 0
0  18.6 -15.4 -14.4 0 0 0
1  19.6  20.4 -16.4 -15.6 -14.4 -13.6
0  19.6 -16.4 -15.4 0 0 0
0  19.6 -16.4 -14.4 0 0 0
2  18.6  20.4 -16.4 -15.6 -14.4 -13.6
0  18.6 -16.4 -15.4 0 0 0
0  18.6 -16.4 -14.4 0 0 0
0  19.6 -16.4 -15.4 0 0 0
0  19.6 -16.4 -14.4 0 0 0
1  20.6  21.4 -16.4 -15.6 -14.4 -13.6
0  20.6 -16.4 -15.4 0 0 0
0  20.6 -16.4 -14.4 0 0 0
2  19.6  21.4 -16.4 -15.6 -14.4 -13.6
0  19.6 -16.4 -15.4 0 0 0
0  19.6 -16.4 -14.4 0 0 0
0  20.6 -16.4 -15.4 0 0 0
0  20.6 -16.4 -14.4 0 0 0
1  20.6  21.4 -15.4 -14.6 -14.4 -13.6
0  20.6 -16.4 -15.4 0 0 0
0  20.6 -16.4 -14.4 0 0 0
0  20.6 -15.4 -15.4 0 0 0
0  20.6 -15.4 -14.4 0 0 0
2  20.6  21.4 -16.4 -14.6 -14.4 -13.6
0  20.6 -16.4 -15.4 0 0 0
0  20.6 -16.4 -14.4 0 0 0
0  20.6 -15.4 -15.4 0 0 0
0  20.6 -15.4 -14.4 0 0 0
1  19.6  20.4 -15.4 -14.6 -14.4 -13.6
0  19.6 -16.4 -15.4 0 0 0
0  19.6 -16.4 -14.4 0 0 0
0  19.6 -15.4 -15.4 0 0 0
0  19.6 -15.4 -14.4 0 0 0
2  19.6  21.4 -15.4 -14.6 -14.4 -13.6
0  19.6 -16.4 -15.4 0 0 0
0  19.6 -16.4 -14.4 0 0 0
0  19.6 -15.4 -15.4 0 0 0
0  19.6 -15.4 -14.4 0 0 0
0  20.6 -16.4 -15.4 0 0 0
0  20.6 -16.4 -14.4 0 0 0
0  20.6 -15.4 -15.4 0 0 0
0  20.6 -15.4 -14.4 0 0 0
1  19.6  20.4 -14.4 -13.6 -14.4 -13.6
0  19.6 -15.4 -15.4 0 0 0
0  19.6 -15.4 -14.4 0 0 0
0  19.6 -14.4 -15.4 0 0 0
0  19.6 -14.4 -14.4 0 0 0
2  19.6  20.4 -15.4 -13.6 -14.4 -13.6
0  19.6 -16.4 -15.4 0 0 0
0  19.6 -16.4 -14.4 0 0 0
0  19.6 -15.4 -15.4 0 0 0
0  19.6 -15.4 -14.4 0 0 0
0  19.6 -14.4 -15.4 0 0 0
0  19.6 -14.4 -14.4 0 0 0
1  19.6  20.4 -13.4 -12.6 -14.4 -13.6
0  19.6 -14.4 -15.4 0 0 0
0  19.6 -14.4 -14.4 0 0 0
0  19.6 -13.4 -15.4 0 0 0
0  19.6 -13.4 -14.4 0 0 0
2  19.6  20.4 -14.4 -12.6 -14.4 -13.6
0  19.6 -15.4 -15.4 0 0 0
0  19.6 -15.4 -14.4 0 0 0
0  19.6 -14.4 -15.4 0 0 0
0  19.6 -14.4 -14.4 0 0 0
0  19.6 -13.4 -15.4 0 0 0
0  19.6 -13.4 -14.4 0 0 0
1  18.6  19.4 -13.4 -12.6 -14.4 -13.6
0  18.6 -14.4 -15.4 0 0 0
0  18.6 -14.4 -14.4 0 0 0
0  18.6 -13.4 -15.4 0 0 0
0  18.6 -13.4 -14.4 0 0 0
2  18.6  20.4 -13.4 -12.6 -14.4 -13.6
0  18.6 -14.4 -15.4 0 0 0
0  18.6 -14.4 -14.4 0 0 0
0  18.6 -13.4 -15.4 0 0 0
0  18.6 -13.4 -14.4 0 0 0
0  19.6 -14.4 -15.4 0 0 0
0  19.6 -14.4 -14.4 0 0 0
0  19.6 -13.4 -15.4 0 0 0
0  19.6 -13.4 -14.4 0 0 0
1  17.6  18.4 -13.4 -12.6 -14.4 -13.6
0  17.6 -14.4 -15.4 0 0 0
0  17.6 -14.4 -14.4 0 0 0
0  17.6 -13.4 -15.4 0 0 0
0  17.6 -13.4 -14.4 0 0 0
2  17.6  19.4 -13.4 -12.6 -14.4 -13.6
0  17.6 -14.4 -15.4 0 0 0
0  17.6 -14.4 -14.4 0 0 0
0  17.6 -13.4 -15.4 0 0 0
0  17.6 -13.4 -14.4 0 0 0
0  18.6 -14.4 -15.4 0 0 0
0  18.6 -14.4 -14.4 0 0 0
0  18.6 -13.4 -15.4 0 0 0
0  18.6 -13.4 -14.4 0 0 0
1  20.6  21.4 -14.4 -13.6 -14.4 -13.6
0  20.6 -15.4 -15.4 0 0 0
0  20.6 -15.4 -14.4 0 0 0
0  20.6 -14.4 -15.4 0 0 0
0  20.6 -14.4 -14.4 0 0 0
1  20.6  21.4 -13.4 -12.6 -14.4 -13.6
0  20.6 -14.4 -15.4 0 0 0
0  20.6 -14.4 -14.4 0 0 0
0  20.6 -13.4 -15.4 0 0 0
0  20.6 -13.4 -14.4 0 0 0
2  20.6  21.4 -14.4 -12.6 -14.4 -13.6
0  20.6 -15.4 -15.4 0 0 0
0  20.6 -15.4 -14.4 0 0 0
0  20.6 -14.4 -15.4 0 0 0
0  20.6 -14.4 -14.4 0 0 0
0  20.6 -13.4 -15.4 0 0 0
0  20.6 -13.4 -14.4 0 0 0
1  21.6  22.4 -13.4 -12.6 -14.4 -13.6
0  21.6 -14.4 -15.4 0 0 0
0  21.6 -14.4 -14.4 0 0 0
0  21.6 -13.4 -15.4 0 0 0
0  21.6 -13.4 -14.4 0 0 0
1  21.6  22.4 -14.4 -13.6 -14.4 -13.6
0  21.6 -15.4 -15.4 0 0 0
0  21.6 -15.4 -14.4 0 0 0
0  21.6 -14.4 -15.4 0 0 0
0  21.6 -14.4 -14.4 0 0 0
2  21.6  22.4 -14.4 -12.6 -14.4 -13.6
0  21.6 -15.4 -15.4 0 0 0
0  21.6 -15.4 -14.4 0 0 0
0  21.6 -14.4 -15.4 0 0 0
0  21.6 -14.4 -14.4 0 0 0
0  21.6 -13.4 -15.4 0 0 0
0  21.6 -13.4 -14.4 0 0 0
1  21.6  22.4 -15.4 -14.6 -14.4 -13.6
0  21.6 -16.4 -15.4 0 0 0
0  21.6 -16.4 -14.4 0 0 0
0  21.6 -15.4 -15.4 0 0 0
0  21.6 -15.4 -14.4 0 0 0
1  21.6  22.4 -15.4 -14.6 -15.4 -14.6
0  21.6 -16.4 -16.4 0 0 0
0  21.6 -16.4 -15.4 0 0 0
0  21.6 -15.4 -16.4 0 0 0
0  21.6 -15.4 -15.4 0 0 0
2  21.6  22.4 -15.4 -14.6 -15.4 -13.6
0  21.6 -16.4 -16.4 0 0 0
0  21.6 -16.4 -15.4 0 0 0
0  21.6 -16.4 -14.4 0 0 0
0  21.6 -15.4 -16.4 0 0 0
0  21.6 -15.4 -15.4 0 0 0
0  21.6 -15.4 -14.4 0 0 0
1  21.6  22.4 -15.4 -14.6 -16.4 -15.6
0  21.6 -16.4 -16.4 0 0 0
0  21.6 -15.4 -16.4 0 0 0
2  21.6  22.4 -15.4 -14.6 -16.4 -14.6
0  21.6 -16.4 -16.4 0 0 0
0  21.6 -16.4 -15.4 0 0 0
0  21.6 -15.4 -16.4 0 0 0
0  21.6 -15.4 -15.4 0 0 0
1  21.6  22.4 -16.4 -15.6 -16.4 -15.6
0  21.6 -16.4 -16.4 0 0 0
2  21.6  22.4 -16.4 -14.6 -16.4 -15.6
0  21.6 -16.4 -16.4 0 0 0
0  21.6 -15.4 -16.4 0 0 0
1  21.6  22.4 -14.4 -13.6 -22.4 -21.6
0  21.6 -15.4 -22.4 0 0 0
0  21.6 -14.4 -22.4 0 0 0
1  20.6  21.4 -14.4 -13.6 -22.4 -21.6
0  20.6 -15.4 -22.4 0 0 0
0  20.6 -14.4 -22.4 0 0 0
2  20.6  22.4 -14.4 -13.6 -22.4 -21.6
0  20.6 -15.4 -22.4 0 0 0
0  20.6 -14.4 -22.4 0 0 0
0  21.6 -15.4 -22.4 0 0 0
0  21.6 -14.4 -22.4 0 0 0
1  20.6  21.4 -13.4 -12.6 -22.4 -21.6
0  20.6 -14.4 -22.4 0 0 0
0  20.6 -13.4 -22.4 0 0 0
2  20.6  21.4 -14.4 -12.6 -22.4 -21.6
0  20.6 -15.4 -22.4 0 0 0
0  20.6 -14.4 -22.4 0 0 0
0  20.6 -13.4 -22.4 0 0 0
1  19.6  20.4 -13.4 -12.6 -22.4 -21.6
0  19.6 -14.4 -22.4 0 0 0
0  19.6 -13.4 -22.4 0 0 0
2  19.6  21.4 -13.4 -12.6 -22.4 -21.6
0  19.6 -14.4 -22.4 0 0 0
0  19.6 -13.4 -22.4 0 0 0
0  20.6 -14.4 -22.4 0 0 0
0  20.6 -13.4 -22.4 0 0 0
1  19.6  20.4 -14.4 -13.6 -22.4 -21.6
0  19.6 -15.4 -22.4 0 0 0
0  19.6 -14.4 -22.4 0 0 0
2  19.6  20.4 -14.4 -12.6 -22.4 -21.6
0  19.6 -15.4 -22.4 0 0 0
0  19.6 -14.4 -22.4 0 0 0
0  19.6 -13.4 -22.4 0 0 0
1  19.6  20.4 -15.4 -14.6 -22.4 -21.6
0  19.6 -16.4 -22.4 0 0 0
0  19.6 -15.4 -22.4 0 0 0
2  19.6  20.4 -15.4 -13.6 -22.4 -21.6
0  19.6 -16.4 -22.4 0 0 0
0  19.6 -15.4 -22.4 0 0 0
0  19.6 -14.4 -22.4 0 0 0
1  18.6  19.4 -15.4 -14.6 -22.4 -21.6
0  18.6 -16.4 -22.4 0 0 0
0  18.6 -15.4 -22.4 0 0 0
2  18.6  20.4 -15.4 -14.6 -22.4 -21.6
0  18.6 -16.4 -22.4 0 0 0
0  18.6 -15.4 -22.4 0 0 0
0  19.6 -16.4 -22.4 0 0 0
0  19.6 -15.4 -22.4 0 0 0
1  18.6  19.4 -14.4 -13.6 -22.4 -21.6
0  18.6 -15.4 -22.4 0 0 0
0  18.6 -14.4 -22.4 0 0 0
2  18.6  19.4 -15.4 -13.6 -22.4 -21.6
0  18.6 -16.4 -22.4 0 0 0
0  18.6 -15.4 -22.4 0 0 0
0  18.6 -14.4 -22.4 0 0 0
1  18.6  19.4 -13.4 -12.6 -22.4 -21.6
0  18.6 -14.4 -22.4 0 0 0
0  18.6 -13.4 -22.4 0 0 0
2  18.6  19.4 -14.4 -12.6 -22.4 -21.6
0  18.6 -15.4 -22.4 0 0 0
0  18.6 -14.4 -22.4 0 0 0
0  18.6 -13.4 -22.4 0 0 0
1  17.6  18.4 -13.4 -12.6 -22.4 -21.6
0  17.6 -14.4 -22.4 0 0 0
0  17.6 -13.4 -22.4 0 0 0
2  17.6  19.4 -13.4 -12.6 -22.4 -21.6
0  17.6 -14.4 -22.4 0 0 0
0  17.6 -13.4 -22.4 0 0 0
0  18.6 -14.4 -22.4 0 0 0
0  18.6 -13.4 -22.4 0 0 0
1  17.6  18.4 -14.4 -13.6 -22.4 -21.6
0  17.6 -15.4 -22.4 0 0 0
0  17.6 -14.4 -22.4 0 0 0
2  17.6  18.4 -14.4 -12.6 -22.4 -21.6
0  17.6 -15.4 -22.4 0 0 0
0  17.6 -14.4 -22.4 0 0 0
0  17.6 -13.4 -22.4 0 0 0
1  17.6  18.4 -15.4 -14.6 -22.4 -21.6
0  17.6 -16.4 -22.4 0 0 0
0  17.6 -15.4 -22.4 0 0 0
2  17.6  18.4 -15.4 -13.6 -22.4 -21.6
0  17.6 -16.4 -22.4 0 0 0
0  17.6 -15.4 -22.4 0 0 0
0  17.6 -14.4 -22.4 0 0 0
1  17.6  18.4 -16.4 -15.6 -22.4 -21.6
0  17.6 -16.4 -22.4 0 0 0
2  17.6  18.4 -16.4 -14.6 -22.4 -21.6
0  17.6 -16.4 -22.4 0 0 0
0  17.6 -15.4 -22.4 0 0 0
1  16.6  17.4 -16.4 -15.6 -22.4 -21.6
0  16.6 -16.4 -22.4 0 0 0
2  16.6  18.4 -16.4 -15.6 -22.4 -21.6
0  16.6 -16.4 -22.4 0 0 0
0  17.6 -16.4 -22.4 0 0 0
1  16.6  17.4 -15.4 -14.6 -22.4 -21.6
0  16.6 -16.4 -22.4 0 0 0
0  16.6 -15.4 -22.4 0 0 0
2  16.6  17.4 -16.4 -14.6 -22.4 -21.6
0  16.6 -16.4 -22.4 0 0 0
0  16.6 -15.4 -22.4 0 0 0
1  16.6  17.4 -14.4 -13.6 -22.4 -21.6
0  16.6 -15.4 -22.4 0 0 0
0  16.6 -14.4 -22.4 0 0 0
2  16.6  17.4 -15.4 -13.6 -22.4 -21.6
0  16.6 -16.4 -22.4 0 0 0
0  16.6 -15.4 -22.4 0 0 0
0  16.6 -14.4 -22.4 0 0 0
1  16.6  17.4 -13.4 -12.6 -22.4 -21.6
0  16.6 -14.4 -22.4 0 0 0
0  16.6 -13.4 -22.4 0 0 0
2  16.6  17.4 -14.4 -12.6 -22.4 -21.6
0  16.6 -15.4 -22.4 0 0 0
0  16.6 -14.4 -22.4 0 0 0
0  16.6 -13.4 -22.4 0 0 0
1  21.6  22.4 -13.4 -12.6 -22.4 -21.6
0  21.6 -14.4 -22.4 0 0 0
0  21.6 -13.4 -22.4 0 0 0
1  21.6  22.4 -13.4 -12.6 -21.4 -20.6
0  21.6 -14.4 -21.4 0 0 0
0  21.6 -13.4 -21.4 0 0 0
2  21.6  22.4 -13.4 -12.6 -22.4 -20.6
0  21.6 -14.4 -22.4 0 0 0
0  21.6 -14.4 -21.4 0 0 0
0  21.6 -13.4 -22.4 0 0 0
0  21.6 -13.4 -21.4 0 0 0
1  21.6  22.4 -13.4 -12.6 -19.4 -18.6
0  21.6 -14.4 -19.4 0 0 0
0  21.6 -13.4 -19.4 0 0 0
1  20.6  21.4 -13.4 -12.6 -19.4 -18.6
0  20.6 -14.4 -19.4 0 0 0
0  20.6 -13.4 -19.4 0 0 0
2  20.6  22.4 -13.4 -12.6 -19.4 -18.6
0  20.6 -14.4 -19.4 0 0 0
0  20.6 -13.4 -19.4 0 0 0
0  21.6 -14.4 -19.4 0 0 0
0  21.6 -13.4 -19.4 0 0 0
1  21.6  22.4 -13.4 -12.6 -19.4 -18.6
0  21.6 -14.4 -19.4 0 0 0
0  21.6 -13.4 -19.4 0 0 0
2  20.6  22.4 -13.4 -12.6 -19.4 -18.6
0  20.6 -14.4 -19.4 0 0 0
0  20.6 -13.4 -19.4 0 0 0
0  21.6 -14.4 -19.4 0 0 0
0  21.6 -13.4 -19.4 0 0 0
1  20.6  21.4 -13.4 -12.6 -19.4 -18.6
0  20.6 -14.4 -19.4 0 0 0
0  20.6 -13.4 -19.4 0 0 0
2  20.6  22.4 -13.4 -12.6 -19.4 -18.6
0  20.6 -14.4 -19.4 0 0 0
0  20.6 -13.4 -19.4 0 0 0
0  21.6 -14.4 -19.4 0 0 0
0  21.6 -13.4 -19.4 0 0 0
1  19.6  20.4 -13.4 -12.6 -19.4 -18.6
0  19.6 -14.4 -19.4 0 0 0
0  19.6 -13.4 -19.4 0 0 0
2  19.6  21.4 -13.4 -12.6 -19.4 -18.6
0  19.6 -14.4 -19.4 0 0 0
0  19.6 -13.4 -19.4 0 0 0
0  20.6 -14.4 -19.4 0 0 0
0  20.6 -13.4 -19.4 0 0 0
1  15.6  16.4 -13.4 -12.6 -22.4 -21.6
0  15.6 -14.4 -22.4 0 0 0
0  15.6 -13.4 -22.4 0 0 0
1  15.6  16.4 -14.4 -13.6 -22.4 -21.6
0  15.6 -15.4 -22.4 0 0 0
0  15.6 -14.4 -22.4 0 0 0
2  15.6  16.4 -14.4 -12.6 -22.4 -21.6
0  15.6 -15.4 -22.4 0 0 0
0  15.6 -14.4 -22.4 0 0 0
0  15.6 -13.4 -22.4 0 0 0
1  15.6  16.4 -15.4 -14.6 -22.4 -21.6
0  15.6 -16.4 -22.4 0 0 0
0  15.6 -15.4 -22.4 0 0 0
2  15.6  16.4 -15.4 -13.6 -22.4 -21.6
0  15.6 -16.4 -22.4 0 0 0
0  15.6 -15.4 -22.4 0 0 0
0  15.6 -14.4 -22.4 0 0 0
1  15.6  16.4 -15.4 -14.6 -21.4 -20.6
0  15.6 -16.4 -21.4 0 0 0
0  15.6 -15.4 -21.4 0 0 0
2  15.6  16.4 -15.4 -14.6 -22.4 -20.6
0  15.6 -16.4 -22.4 0 0 0
0  15.6 -16.4 -21.4 0 0 0
0  15.6 -15.4 -22.4 0 0 0
0  15.6 -15.4 -21.4 0 0 0
1  15.6  16.4 -14.4 -13.6 -21.4 -20.6
0  15.6 -15.4 -21.4 0 0 0
0  15.6 -14.4 -21.4 0 0 0
2  15.6  16.4 -15.4 -13.6 -21.4 -20.6
0  15.6 -16.4 -21.4 0 0 0
0  15.6 -15.4 -21.4 0 0 0
0  15.6 -14.4 -21.4 0 0 0
1  15.6  16.4 -13.4 -12.6 -21.4 -20.6
0  15.6 -14.4 -21.4 0 0 0
0  15.6 -13.4 -21.4 0 0 0
2  15.6  16.4 -14.4 -12.6 -21.4 -20.6
0  15.6 -15.4 -21.4 0 0 0
0  15.6 -14.4 -21.4 0 0 0
0  15.6 -13.4 -21.4 0 0 0
1  15.6  16.4 -13.4 -12.6 -20.4 -19.6
0  15.6 -14.4 -20.4 0 0 0
0  15.6 -13.4 -20.4 0 0 0
2  15.6  16.4 -13.4 -12.6 -21.4 -19.6
0  15.6 -14.4 -21.4 0 0 0
0  15.6 -14.4 -20.4 0 0 0
0  15.6 -13.4 -21.4 0 0 0
0  15.6 -13.4 -20.4 0 0 0
1  15.6  16.4 -14.4 -13.6 -20.4 -19.6
0  15.6 -15.4 -20.4 0 0 0
0  15.6 -14.4 -20.4 0 0 0
2  15.6  16.4 -14.4 -12.6 -20.4 -19.6
0  15.6 -15.4 -20.4 0 0 0
0  15.6 -14.4 -20.4 0 0 0
0  15.6 -13.4 -20.4 0 0 0
1  15.6  16.4 -15.4 -14.6 -20.4 -19.6
0  15.6 -16.4 -20.4 0 0 0
0  15.6 -15.4 -20.4 0 0 0
2  15.6  16.4 -15.4 -13.6 -20.4 -19.6
0  15.6 -16.4 -20.4 0 0 0
0  15.6 -15.4 -20.4 0 0 0
0  15.6 -14.4 -20.4 0 0 0
1  15.6  16.4 -16.4 -15.6 -20.4 -19.6
0  15.6 -16.4 -20.4 0 0 0
2  15.6  16.4 -16.4 -14.6 -20.4 -19.6
0  15.6 -16.4 -20.4 0 0 0
0  15.6 -15.4 -20.4 0 0 0
1  15.6  16.4 -16.4 -15.6 -21.4 -20.6
0  15.6 -16.4 -21.4 0 0 0
2  15.6  16.4 -16.4 -15.6 -21.4 -19.6
0  15.6 -16.4 -21.4 0 0 0
0  15.6 -16.4 -20.4 0 0 0
1  15.6  16.4 -16.4 -15.6 -22.4 -21.6
0  15.6 -16.4 -22.4 0 0 0
2  15.6  16.4 -16.4 -15.6 -22.4 -20.6
0  15.6 -16.4 -22.4 0 0 0
0  15.6 -16.4 -21.4 0 0 0
1  18.6  19.4 -16.4 -15.6 -22.4 -21.6
0  18.6 -16.4 -22.4 0 0 0
1  19.6  20.4 -16.4 -15.6 -22.4 -21.6
0  19.6 -16.4 -22.4 0 0 0
2  18.6  20.4 -16.4 -15.6 -22.4 -21.6
0  18.6 -16.4 -22.4 0 0 0
0  19.6 -16.4 -22.4 0 0 0
1  20.6  21.4 -16.4 -15.6 -22.4 -21.6
0  20.6 -16.4 -22.4 0 0 0
2  19.6  21.4 -16.4 -15.6 -22.4 -21.6
0  19.6 -16.4 -22.4 0 0 0
0  20.6 -16.4 -22.4 0 0 0
1  20.6  21.4 -15.4 -14.6 -22.4 -21.6
0  20.6 -16.4 -22.4 0 0 0
0  20.6 -15.4 -22.4 0 0 0
2  20.6  21.4 -16.4 -14.6 -22.4 -21.6
0  20.6 -16.4 -22.4 0 0 0
0  20.6 -15.4 -22.4 0 0 0
1  21.6  22.4 -15.4 -14.6 -22.4 -21.6
0  21.6 -16.4 -22.4 0 0 0
0  21.6 -15.4 -22.4 0 0 0
2  20.6  22.4 -15.4 -14.6 -22.4 -21.6
0  20.6 -16.4 -22.4 0 0 0
0  20.6 -15.4 -22.4 0 0 0
0  21.6 -16.4 -22.4 0 0 0
0  21.6 -15.4 -22.4 0 0 0
1  21.6  22.4 -16.4 -15.6 -22.4 -21.6
0  21.6 -16.4 -22.4 0 0 0
2  21.6  22.4 -16.4 -14.6 -22.4 -21.6
0  21.6 -16.4 -22.4 0 0 0
0  21.6 -15.4 -22.4 0 0 0
1  21.6  22.4 -16.4 -15.6 -21.4 -20.6
0  21.6 -16.4 -21.4 0 0 0
2  21.6  22.4 -16.4 -15.6 -22.4 -20.6
0  21.6 -16.4 -22.4 0 0 0
0  21.6 -16.4 -21.4 0 0 0
1  21.6  22.4 -15.4 -14.6 -21.4 -20.6
0  21.6 -16.4 -21.4 0 0 0
0  21.6 -15.4 -21.4 0 0 0
2  21.6  22.4 -16.4 -14.6 -21.4 -20.6
0  21.6 -16.4 -21.4 0 0 0
0  21.6 -15.4 -21.4 0 0 0
1  20.6  21.4 -15.4 -14.6 -21.4 -20.6
0  20.6 -16.4 -21.4 0 0 0
0  20.6 -15.4 -21.4 0 0 0
2  20.6  22.4 -15.4 -14.6 -21.4 -20.6
0  20.6 -16.4 -21.4 0 0 0
0  20.6 -15.4 -21.4 0 0 0
0  21.6 -16.4 -21.4 0 0 0
0  21.6 -15.4 -21.4 0 0 0
1  20.6  21.4 -16.4 -15.6 -21.4 -20.6
0  20.6 -16.4 -21.4 0 0 0
2  20.6  21.4 -16.4 -14.6 -21.4 -20.6
0  20.6 -16.4 -21.4 0 0 0
0  20.6 -15.4 -21.4 0 0 0
1  21.6  22.4 -16.4 -15.6 -21.4 -20.6
0  21.6 -16.4 -21.4 0 0 0
2  20.6  22.4 -16.4 -15.6 -21.4 -20.6
0  20.6 -16.4 -21.4 0 0 0
0  21.6 -16.4 -21.4 0 0 0
1  21.6  22.4 -16.4 -15.6 -22.4 -21.6
0  21.6 -16.4 -22.4 0 0 0
2  21.6  22.4 -16.4 -15.6 -22.4 -20.6
0  21.6 -16.4 -22.4 0 0 0
0  21.6 -16.4 -21.4 0 0 0
1  14.6  15.4 -14.4 -13.6 -22.4 -21.6
0  14.6 -15.4 -22.4 0 0 0
0  14.6 -14.4 -22.4 0 0 0
1  14.6  15.4 -14.4 -13.6 -21.4 -20.6
0  14.6 -15.4 -21.4 0 0 0
0  14.6 -14.4 -21.4 0 0 0
2  14.6  15.4 -14.4 -13.6 -22.4 -20.6
0  14.6 -15.4 -22.4 0 0 0
0  14.6 -15.4 -21.4 0 0 0
0  14.6 -14.4 -22.4 0 0 0
0  14.6 -14.4 -21.4 0 0 0
1  14.6  15.4 -13.4 -12.6 -21.4 -20.6
0  14.6 -14.4 -21.4 0 0 0
0  14.6 -13.4 -21.4 0 0 0
2  14.6  15.4 -14.4 -12.6 -21.4 -20.6
0  14.6 -15.4 -21.4 0 0 0
0  14.6 -14.4 -21.4 0 0 0
0  14.6 -13.4 -21.4 0 0 0
1  14.6  15.4 -13.4 -12.6 -22.4 -21.6
0  14.6 -14.4 -22.4 0 0 0
0  14.6 -13.4 -22.4 0 0 0
2  14.6  15.4 -13.4 -12.6 -22.4 -20.6
0  14.6 -14.4 -22.4 0 0 0
0  14.6 -14.4 -21.4 0 0 0
0  14.6 -13.4 -22.4 0 0 0
0  14.6 -13.4 -21.4 0 0 0
1  14.6  15.4 -13.4 -12.6 -19.4 -18.6
0  14.6 -14.4 -19.4 0 0 0
0  14.6 -13.4 -19.4 0 0 0
1  14.6  15.4 -13.4 -12.6 -20.4 -19.6
0  14.6 -14.4 -20.4 0 0 0
0  14.6 -13.4 -20.4 0 0 0
2  14.6  15.4 -13.4 -12.6 -20.4 -18.6
0  14.6 -14.4 -20.4 0 0 0
0  14.6 -14.4 -19.4 0 0 0
0  14.6 -13.4 -20.4 0 0 0
0  14.6 -13.4 -19.4 0 0 0
1  14.6  15.4 -14.4 -13.6 -20.4 -19.6
0  14.6 -15.4 -20.4 0 0 0
0  14.6 -14.4 -20.4 0 0 0
2  14.6  15.4 -14.4 -12.6 -20.4 -19.6
0  14.6 -15.4 -20.4 0 0 0
0  14.6 -14.4 -20.4 0 0 0
0  14.6 -13.4 -20.4 0 0 0
1  14.6  15.4 -15.4 -14.6 -20.4 -19.6
0  14.6 -16.4 -20.4 0 0 0
0  14.6 -15.4 -20.4 0 0 0
2  14.6  15.4 -15.4 -13.6 -20.4 -19.6
0  14.6 -16.4 -20.4 0 0 0
0  14.6 -15.4 -20.4 0 0 0
0  14.6 -14.4 -20.4 0 0 0
1  14.6  15.4 -15.4 -14.6 -21.4 -20.6
0  14.6 -16.4 -21.4 0 0 0
0  14.6 -15.4 -21.4 0 0 0
2  14.6  15.4 -15.4 -14.6 -21.4 -19.6
0  14.6 -16.4 -21.4 0 0 0
0  14.6 -16.4 -20.4 0 0 0
0  14.6 -15.4 -21.4 0 0 0
0  14.6 -15.4 -20.4 0 0 0
1  14.6  15.4 -15.4 -14.6 -22.4 -21.6
0  14.6 -16.4 -22.4 0 0 0
0  14.6 -15.4 -22.4 0 0 0
2  14.6  15.4 -15.4 -14.6 -22.4 -20.6
0  14.6 -16.4 -22.4 0 0 0
0  14.6 -16.4 -21.4 0 0 0
0  14.6 -15.4 -22.4 0 0 0
0  14.6 -15.4 -21.4 0 0 0
1  14.6  15.4 -16.4 -15.6 -22.4 -21.6
0  14.6 -16.4 -22.4 0 0 0
1  14.6  15.4 -16.4 -15.6 -21.4 -20.6
0  14.6 -16.4 -21.4 0 0 0
2  14.6  15.4 -16.4 -15.6 -22.4 -20.6
0  14.6 -16.4 -22.4 0 0 0
0  14.6 -16.4 -21.4 0 0 0
1  14.6  15.4 -16.4 -15.6 -20.4 -19.6
0  14.6 -16.4 -20.4 0 0 0
2  14.6  15.4 -16.4 -15.6 -21.4 -19.6
0  14.6 -16.4 -21.4 0 0 0
0  14.6 -16.4 -20.4 0 0 0
1  13.6  14.4 -16.4 -15.6 -20.4 -19.6
0  13.6 -16.4 -20.4 0 0 0
2  13.6  15.4 -16.4 -15.6 -20.4 -19.6
0  13.6 -16.4 -20.4 0 0 0
0  14.6 -16.4 -20.4 0 0 0
1  12.6  13.4 -16.4 -15.6 -20.4 -19.6
0  12.6 -16.4 -20.4 0 0 0
2  12.6  14.4 -16.4 -15.6 -20.4 -19.6
0  12.6 -16.4 -20.4 0 0 0
0  13.6 -16.4 -20.4 0 0 0
1  12.6  13.4 -15.4 -14.6 -20.4 -19.6
0  12.6 -16.4 -20.4 0 0 0
0  12.6 -15.4 -20.4 0 0 0
2  12.6  13.4 -16.4 -14.6 -20.4 -19.6
0  12.6 -16.4 -20.4 0 0 0
0  12.6 -15.4 -20.4 0 0 0
1  13.6  14.4 -15.4 -14.6 -20.4 -19.6
0  13.6 -16.4 -20.4 0 0 0
0  13.6 -15.4 -20.4 0 0 0
2  12.6  14.4 -15.4 -14.6 -20.4 -19.6
0  12.6 -16.4 -20.4 0 0 0
0  12.6 -15.4 -20.4 0 0 0
0  13.6 -16.4 -20.4 0 0 0
0  13.6 -15.4 -20.4 0 0 0
1  13.6  14.4 -15.4 -14.6 -21.4 -20.6
0  13.6 -16.4 -21.4 0 0 0
0  13.6 -15.4 -21.4 0 0 0
2  13.6  14.4 -15.4 -14.6 -21.4 -19.6
0  13.6 -16.4 -21.4 0 0 0
0  13.6 -16.4 -20.4 0 0 0
0  13.6 -15.4 -21.4 0 0 0
0  13.6 -15.4 -20.4 0 0 0
1  13.6  14.4 -14.4 -13.6 -21.4 -20.6
0  13.6 -15.4 -21.4 0 0 0
0  13.6 -14.4 -21.4 0 0 0
2  13.6  14.4 -15.4 -13.6 -21.4 -20.6
0  13.6 -16.4 -21.4 0 0 0
0  13.6 -15.4 -21.4 0 0 0
0  13.6 -14.4 -21.4 0 0 0
1  13.6  14.4 -14.4 -13.6 -22.4 -21.6
0  13.6 -15.4 -22.4 0 0 0
0  13.6 -14.4 -22.4 0 0 0
2  13.6  14.4 -14.4 -13.6 -22.4 -20.6
0  13.6 -15.4 -22.4 0 0 0
0  13.6 -15.4 -21.4 0 0 0
0  13.6 -14.4 -22.4 0 0 0
0  13.6 -14.4 -21.4 0 0 0
1  13.6  14.4 -15.4 -14.6 -22.4 -21.6
0  13.6 -16.4 -22.4 0 0 0
0  13.6 -15.4 -22.4 0 0 0
2  13.6  14.4 -15.4 -13.6 -22.4 -21.6
0  13.6 -16.4 -22.4 0 0 0
0  13.6 -15.4 -22.4 0 0 0
0  13.6 -14.4 -22.4 0 0 0
1  13.6  14.4 -16.4 -15.6 -22.4 -21.6
0  13.6 -16.4 -22.4 0 0 0
1  13.6  14.4 -16.4 -15.6 -21.4 -20.6
0  13.6 -16.4 -21.4 0 0 0
2  13.6  14.4 -16.4 -15.6 -22.4 -20.6
0  13.6 -16.4 -22.4 0 0 0
0  13.6 -16.4 -21.4 0 0 0
1  12.6  13.4 -16.4 -15.6 -21.4 -20.6
0  12.6 -16.4 -21.4 0 0 0
2  12.6  14.4 -16.4 -15.6 -21.4 -20.6
0  12.6 -16.4 -21.4 0 0 0
0  13.6 -16.4 -21.4 0 0 0
1  12.6  13.4 -15.4 -14.6 -21.4 -20.6
0  12.6 -16.4 -21.4 0 0 0
0  12.6 -15.4 -21.4 0 0 0
2  12.6  13.4 -16.4 -14.6 -21.4 -20.6
0  12.6 -16.4 -21.4 0 0 0
0  12.6 -15.4 -21.4 0 0 0
1  12.6  13.4 -15.4 -14.6 -22.4 -21.6
0  12.6 -16.4 -22.4 0 0 0
0  12.6 -15.4 -22.4 0 0 0
2  12.6  13.4 -15.4 -14.6 -22.4 -20.6
0  12.6 -16.4 -22.4 0 0 0
0  12.6 -16.4 -21.4 0 0 0
0  12.6 -15.4 -22.4 0 0 0
0  12.6 -15.4 -21.4 0 0 0
1  12.6  13.4 -14.4 -13.6 -22.4 -21.6
0  12.6 -15.4 -22.4 0 0 0
0  12.6 -14.4 -22.4 0 0 0
2  12.6  13.4 -15.4 -13.6 -22.4 -21.6
0  12.6 -16.4 -22.4 0 0 0
0  12.6 -15.4 -22.4 0 0 0
0  12.6 -14.4 -22.4 0 0 0
1  12.6  13.4 -14.4 -13.6 -21.4 -20.6
0  12.6 -15.4 -21.4 0 0 0
0  12.6 -14.4 -21.4 0 0 0
2  12.6  13.4 -14.4 -13.6 -22.4 -20.6
0  12.6 -15.4 -22.4 0 0 0
0  12.6 -15.4 -21.4 0 0 0
0  12.6 -14.4 -22.4 0 0 0
0  12.6 -14.4 -21.4 0 0 0
1  12.6  13.4 -14.4 -13.6 -20.4 -19.6
0  12.6 -15.4 -20.4 0 0 0
0  12.6 -14.4 -20.4 0 0 0
2  12.6  13.4 -14.4 -13.6 -21.4 -19.6
0  12.6 -15.4 -21.4 0 0 0
0  12.6 -15.4 -20.4 0 0 0
0  12.6 -14.4 -21.4 0 0 0
0  12.6 -14.4 -20.4 0 0 0
1  13.6  14.4 -14.4 -13.6 -20.4 -19.6
0  13.6 -15.4 -20.4 0 0 0
0  13.6 -14.4 -20.4 0 0 0
2  12.6  14.4 -14.4 -13.6 -20.4 -19.6
0  12.6 -15.4 -20.4 0 0 0
0  12.6 -14.4 -20.4 0 0 0
0  13.6 -15.4 -20.4 0 0 0
0  13.6 -14.4 -20.4 0 0 0
1  13.6  14.4 -13.4 -12.6 -20.4 -19.6
0  13.6 -14.4 -20.4 0 0 0
0  13.6 -13.4 -20.4 0 0 0
2  13.6  14.4 -14.4 -12.6 -20.4 -19.6
0  13.6 -15.4 -20.4 0 0 0
0  13.6 -14.4 -20.4 0 0 0
0  13.6 -13.4 -20.4 0 0 0
1  13.6  14.4 -13.4 -12.6 -21.4 -20.6
0  13.6 -14.4 -21.4 0 0 0
0  13.6 -13.4 -21.4 0 0 0
2  13.6  14.4 -13.4 -12.6 -21.4 -19.6
0  13.6 -14.4 -21.4 0 0 0
0  13.6 -14.4 -20.4 0 0 0
0  13.6 -13.4 -21.4 0 0 0
0  13.6 -13.4 -20.4 0 0 0
1  13.6  14.4 -13.4 -12.6 -22.4 -21.6
0  13.6 -14.4 -22.4 0 0 0
0  13.6 -13.4 -22.4 0 0 0
2  13.6  14.4 -13.4 -12.6 -22.4 -20.6
0  13.6 -14.4 -22.4 0 0 0
0  13.6 -14.4 -21.4 0 0 0
0  13.6 -13.4 -22.4 0 0 0
0  13.6 -13.4 -21.4 0 0 0
1  12.6  13.4 -13.4 -12.6 -22.4 -21.6
0  12.6 -14.4 -22.4 0 0 0
0  12.6 -13.4 -22.4 0 0 0
2  12.6  14.4 -13.4 -12.6 -22.4 -21.6
0  12.6 -14.4 -22.4 0 0 0
0  12.6 -13.4 -22.4 0 0 0
0  13.6 -14.4 -22.4 0 0 0
0  13.6 -13.4 -22.4 0 0 0
1  12.6  13.4 -13.4 -12.6 -21.4 -20.6
0  12.6 -14.4 -21.4 0 0 0
0  12.6 -13.4 -21.4 0 0 0
2  12.6  13.4 -13.4 -12.6 -22.4 -20.6
0  12.6 -14.4 -22.4 0 0 0
0  12.6 -14.4 -21.4 0 0 0
0  12.6 -13.4 -22.4 0 0 0
0  12.6 -13.4 -21.4 0 0 0
1  12.6  13.4 -13.4 -12.6 -20.4 -19.6
0  12.6 -14.4 -20.4 0 0 0
0  12.6 -13.4 -20.4 0 0 0
2  12.6  13.4 -13.4 -12.6 -21.4 -19.6
0  12.6 -14.4 -21.4 0 0 0
0  12.6 -14.4 -20.4 0 0 0
0  12.6 -13.4 -21.4 0 0 0
0  12.6 -13.4 -20.4 0 0 0
1  12.6  13.4 -13.4 -12.6 -19.4 -18.6
0  12.6 -14.4 -19.4 0 0 0
0  12.6 -13.4 -19.4 0 0 0
2  12.6  13.4 -13.4 -12.6 -20.4 -18.6
0  12.6 -14.4 -20.4 0 0 0
0  12.6 -14.4 -19.4 0 0 0
0  12.6 -13.4 -20.4 0 0 0
0  12.6 -13.4 -19.4 0 0 0
1  13.6  14.4 -13.4 -12.6 -19.4 -18.6
0  13.6 -14.4 -19.4 0 0 0
0  13.6 -13.4 -19.4 0 0 0
2  12.6  14.4 -13.4 -12.6 -19.4 -18.6
0  12.6 -14.4 -19.4 0 0 0
0  12.6 -13.4 -19.4 0 0 0
0  13.6 -14.4 -19.4 0 0 0
0  13.6 -13.4 -19.4 0 0 0
1  12.6  13.4 -16.4 -15.6 -22.4 -21.6
0  12.6 -16.4 -22.4 0 0 0
