particle: 
	0.01
	0.3
	-1.67515 -1.00065  2.49527
	-0.559233  0.467166 -0.239627
Collision_struct
	0.0076999
	   0.548459 -0.00109855    0.836177
Derived values
	Collision Normal
		   0.548459 -0.00109855    0.836177
	Contact Point
		-1.83969 -1.00032  2.24441
	Penetration Depth
		0.0076999
	Collision_time
		-0.0149272
Collision bodies
	125 9
1	-2.3 -1.7 -2.3 -1.7 -2.3 -1.7
1	-2.3 -1.7 -2.3 -1.7 -1.3 -0.7
1	-2.3 -1.7 -2.3 -1.7 -0.3  0.3
1	-2.3 -1.7 -2.3 -1.7  0.7  1.3
1	-2.3 -1.7 -2.3 -1.7  1.7  2.3
1	-2.3 -1.7 -1.3 -0.7 -2.3 -1.7
1	-2.3 -1.7 -1.3 -0.7 -1.3 -0.7
1	-2.3 -1.7 -1.3 -0.7 -0.3  0.3
1	-2.3 -1.7 -1.3 -0.7  0.7  1.3
1	-2.3 -1.7 -1.3 -0.7  1.7  2.3
1	-2.3 -1.7 -0.3  0.3 -2.3 -1.7
1	-2.3 -1.7 -0.3  0.3 -1.3 -0.7
1	-2.3 -1.7 -0.3  0.3 -0.3  0.3
1	-2.3 -1.7 -0.3  0.3  0.7  1.3
1	-2.3 -1.7 -0.3  0.3  1.7  2.3
1	-2.3 -1.7  0.7  1.3 -2.3 -1.7
1	-2.3 -1.7  0.7  1.3 -1.3 -0.7
1	-2.3 -1.7  0.7  1.3 -0.3  0.3
1	-2.3 -1.7  0.7  1.3  0.7  1.3
1	-2.3 -1.7  0.7  1.3  1.7  2.3
1	-2.3 -1.7  1.7  2.3 -2.3 -1.7
1	-2.3 -1.7  1.7  2.3 -1.3 -0.7
1	-2.3 -1.7  1.7  2.3 -0.3  0.3
1	-2.3 -1.7  1.7  2.3  0.7  1.3
1	-2.3 -1.7  1.7  2.3  1.7  2.3
1	-1.3 -0.7 -2.3 -1.7 -2.3 -1.7
1	-1.3 -0.7 -2.3 -1.7 -1.3 -0.7
1	-1.3 -0.7 -2.3 -1.7 -0.3  0.3
1	-1.3 -0.7 -2.3 -1.7  0.7  1.3
1	-1.3 -0.7 -2.3 -1.7  1.7  2.3
1	-1.3 -0.7 -1.3 -0.7 -2.3 -1.7
1	-1.3 -0.7 -1.3 -0.7 -1.3 -0.7
1	-1.3 -0.7 -1.3 -0.7 -0.3  0.3
1	-1.3 -0.7 -1.3 -0.7  0.7  1.3
1	-1.3 -0.7 -1.3 -0.7  1.7  2.3
1	-1.3 -0.7 -0.3  0.3 -2.3 -1.7
1	-1.3 -0.7 -0.3  0.3 -1.3 -0.7
1	-1.3 -0.7 -0.3  0.3 -0.3  0.3
1	-1.3 -0.7 -0.3  0.3  0.7  1.3
1	-1.3 -0.7 -0.3  0.3  1.7  2.3
1	-1.3 -0.7  0.7  1.3 -2.3 -1.7
1	-1.3 -0.7  0.7  1.3 -1.3 -0.7
1	-1.3 -0.7  0.7  1.3 -0.3  0.3
1	-1.3 -0.7  0.7  1.3  0.7  1.3
1	-1.3 -0.7  0.7  1.3  1.7  2.3
1	-1.3 -0.7  1.7  2.3 -2.3 -1.7
1	-1.3 -0.7  1.7  2.3 -1.3 -0.7
1	-1.3 -0.7  1.7  2.3 -0.3  0.3
1	-1.3 -0.7  1.7  2.3  0.7  1.3
1	-1.3 -0.7  1.7  2.3  1.7  2.3
1	-0.3  0.3 -2.3 -1.7 -2.3 -1.7
1	-0.3  0.3 -2.3 -1.7 -1.3 -0.7
1	-0.3  0.3 -2.3 -1.7 -0.3  0.3
1	-0.3  0.3 -2.3 -1.7  0.7  1.3
1	-0.3  0.3 -2.3 -1.7  1.7  2.3
1	-0.3  0.3 -1.3 -0.7 -2.3 -1.7
1	-0.3  0.3 -1.3 -0.7 -1.3 -0.7
1	-0.3  0.3 -1.3 -0.7 -0.3  0.3
1	-0.3  0.3 -1.3 -0.7  0.7  1.3
1	-0.3  0.3 -1.3 -0.7  1.7  2.3
1	-0.3  0.3 -0.3  0.3 -2.3 -1.7
1	-0.3  0.3 -0.3  0.3 -1.3 -0.7
1	-0.3  0.3 -0.3  0.3 -0.3  0.3
1	-0.3  0.3 -0.3  0.3  0.7  1.3
1	-0.3  0.3 -0.3  0.3  1.7  2.3
1	-0.3  0.3  0.7  1.3 -2.3 -1.7
1	-0.3  0.3  0.7  1.3 -1.3 -0.7
1	-0.3  0.3  0.7  1.3 -0.3  0.3
1	-0.3  0.3  0.7  1.3  0.7  1.3
1	-0.3  0.3  0.7  1.3  1.7  2.3
1	-0.3  0.3  1.7  2.3 -2.3 -1.7
1	-0.3  0.3  1.7  2.3 -1.3 -0.7
1	-0.3  0.3  1.7  2.3 -0.3  0.3
1	-0.3  0.3  1.7  2.3  0.7  1.3
1	-0.3  0.3  1.7  2.3  1.7  2.3
1	 0.7  1.3 -2.3 -1.7 -2.3 -1.7
1	 0.7  1.3 -2.3 -1.7 -1.3 -0.7
1	 0.7  1.3 -2.3 -1.7 -0.3  0.3
1	 0.7  1.3 -2.3 -1.7  0.7  1.3
1	 0.7  1.3 -2.3 -1.7  1.7  2.3
1	 0.7  1.3 -1.3 -0.7 -2.3 -1.7
1	 0.7  1.3 -1.3 -0.7 -1.3 -0.7
1	 0.7  1.3 -1.3 -0.7 -0.3  0.3
1	 0.7  1.3 -1.3 -0.7  0.7  1.3
1	 0.7  1.3 -1.3 -0.7  1.7  2.3
1	 0.7  1.3 -0.3  0.3 -2.3 -1.7
1	 0.7  1.3 -0.3  0.3 -1.3 -0.7
1	 0.7  1.3 -0.3  0.3 -0.3  0.3
1	 0.7  1.3 -0.3  0.3  0.7  1.3
1	 0.7  1.3 -0.3  0.3  1.7  2.3
1	 0.7  1.3  0.7  1.3 -2.3 -1.7
1	 0.7  1.3  0.7  1.3 -1.3 -0.7
1	 0.7  1.3  0.7  1.3 -0.3  0.3
1	0.7 1.3 0.7 1.3 0.7 1.3
1	0.7 1.3 0.7 1.3 1.7 2.3
1	 0.7  1.3  1.7  2.3 -2.3 -1.7
1	 0.7  1.3  1.7  2.3 -1.3 -0.7
1	 0.7  1.3  1.7  2.3 -0.3  0.3
1	0.7 1.3 1.7 2.3 0.7 1.3
1	0.7 1.3 1.7 2.3 1.7 2.3
1	 1.7  2.3 -2.3 -1.7 -2.3 -1.7
1	 1.7  2.3 -2.3 -1.7 -1.3 -0.7
1	 1.7  2.3 -2.3 -1.7 -0.3  0.3
1	 1.7  2.3 -2.3 -1.7  0.7  1.3
1	 1.7  2.3 -2.3 -1.7  1.7  2.3
1	 1.7  2.3 -1.3 -0.7 -2.3 -1.7
1	 1.7  2.3 -1.3 -0.7 -1.3 -0.7
1	 1.7  2.3 -1.3 -0.7 -0.3  0.3
1	 1.7  2.3 -1.3 -0.7  0.7  1.3
1	 1.7  2.3 -1.3 -0.7  1.7  2.3
1	 1.7  2.3 -0.3  0.3 -2.3 -1.7
1	 1.7  2.3 -0.3  0.3 -1.3 -0.7
1	 1.7  2.3 -0.3  0.3 -0.3  0.3
1	 1.7  2.3 -0.3  0.3  0.7  1.3
1	 1.7  2.3 -0.3  0.3  1.7  2.3
1	 1.7  2.3  0.7  1.3 -2.3 -1.7
1	 1.7  2.3  0.7  1.3 -1.3 -0.7
1	 1.7  2.3  0.7  1.3 -0.3  0.3
1	1.7 2.3 0.7 1.3 0.7 1.3
1	1.7 2.3 0.7 1.3 1.7 2.3
1	 1.7  2.3  1.7  2.3 -2.3 -1.7
1	 1.7  2.3  1.7  2.3 -1.3 -0.7
1	 1.7  2.3  1.7  2.3 -0.3  0.3
1	1.7 2.3 1.7 2.3 0.7 1.3
1	1.7 2.3 1.7 2.3 1.7 2.3
