-4.51136e-06  2.36209e-05  2.91952e-05 -0.000451136   0.00236209   0.00291952
-4.03309e-05  9.36393e-05  9.60705e-05  -0.00358196   0.00700184   0.00668753
-7.46218e-05  0.000148122  0.000143774  -0.00342909   0.00544832   0.00477031
-9.85473e-05  0.000207396  0.000178824  -0.00239254   0.00592735   0.00350509
-0.000131194  0.000325533  0.000246291  -0.00326464    0.0118137   0.00674666
-0.000119168  0.000464387   0.00033661   0.00120259    0.0138854   0.00903189
-0.000201672  0.000634792  0.000449854  -0.00825046    0.0170406    0.0113244
-0.000305269  0.000738536  0.000669745   -0.0103596    0.0103744    0.0219892
-0.000265276   0.00084718   0.00101188   0.00399928    0.0108644    0.0342137
-0.000272953   0.00090494   0.00126363 -0.000767696   0.00577596    0.0251752
-0.000429395  0.000906406   0.00141182   -0.0156442  0.000146604    0.0148185
-0.000586371  0.000933097    0.0015851   -0.0156976   0.00266916    0.0173277
-0.000808242   0.00102407   0.00168956   -0.0221872   0.00909734    0.0104461
 -0.00109415   0.00102336   0.00166519    -0.028591 -7.13205e-05  -0.00243681
-0.00129458 0.000965949  0.00163862   -0.020043 -0.00574085  -0.0026567
-0.00141623  0.00100443  0.00160339  -0.0121649   0.0038483 -0.00352356
-0.00145168 0.000963119  0.00163127 -0.00354443 -0.00413131  0.00278866
-0.00151878 0.000950895  0.00167559 -0.00671093  -0.0012224  0.00443135
 -0.0017641   0.0009232  0.00166604  -0.0245315 -0.00276952  -0.0009545
-0.00201638 0.000901632  0.00165545   -0.025228 -0.00215673 -0.00105914
-0.00218415  0.00100449  0.00173359  -0.0167771   0.0102856  0.00781403
-0.00233248  0.00121679  0.00179959  -0.0148331     0.02123  0.00660024
-0.00263446  0.00150569   0.0018712  -0.0301976   0.0288898  0.00716072
-0.00297574  0.00186399  0.00199456  -0.0341279   0.0358301   0.0123356
-0.00328734  0.00223978  0.00211518  -0.0311599   0.0375794   0.0120623
-0.0035933 0.00260682 0.00223386 -0.0305968  0.0367042  0.0118686
-0.00393976  0.00284708  0.00239464  -0.0346458   0.0240252   0.0160771
-0.00438607  0.00312776  0.00270695  -0.0446307   0.0280687   0.0312319
-0.00494157   0.0033724  0.00288713  -0.0555504   0.0244637   0.0180176
-0.00543468  0.00353941  0.00294009  -0.0493103   0.0167008  0.00529553
-0.00587918  0.00389176  0.00296761  -0.0444506   0.0352353  0.00275223
-0.00635179  0.00423095  0.00302858  -0.0472606   0.0339185    0.006097
-0.00679294  0.00455166  0.00300339  -0.0441148   0.0320715 -0.00251883
-0.00714108  0.00496791  0.00291241  -0.0348146   0.0416246 -0.00909832
-0.00743975  0.00526523  0.00294681  -0.0298672   0.0297319   0.0034404
-0.00773365  0.00555136  0.00299344    -0.02939    0.028613  0.00466329
-0.00804813  0.00589324  0.00311198  -0.0314475   0.0341879   0.0118536
-0.00841663  0.00619589   0.0032171  -0.0368503   0.0302656   0.0105115
-0.0087282 0.00641979 0.00341893 -0.0311573  0.0223901  0.0201831
-0.00909356  0.00662634  0.00375366   -0.036536   0.0206544   0.0334737
-0.00953944  0.00682931  0.00404347  -0.0445877   0.0202976   0.0289806
-0.00987839  0.00691094  0.00422166  -0.0338949    0.008163   0.0178195
-0.0101897 0.00712632 0.00453777 -0.0311289  0.0215381  0.0316104
-0.0104591 0.00734144 0.00482303 -0.0269439  0.0215113  0.0285261
-0.0106529 0.00747445 0.00512755 -0.0193796  0.0133009  0.0304519
-0.0109016 0.00753082 0.00542663 -0.0248684 0.00563767  0.0299077
 -0.011077 0.00760412 0.00564951 -0.0175451 0.00732989  0.0222887
-0.0112816 0.00764224 0.00589268 -0.0204566 0.00381223  0.0243168
 -0.0115365  0.00761326  0.00604198  -0.0254856 -0.00289836   0.0149296
-0.0116793 0.00765703 0.00628852 -0.0142833 0.00437733  0.0246542
 -0.0118937  0.00760497  0.00665305  -0.0214388 -0.00520675   0.0364534
-0.0121846 0.00745958 0.00694654 -0.0290878 -0.0145388  0.0293485
 -0.012513 0.00732813 0.00719174 -0.0328428  -0.013145  0.0245204
 -0.0128484  0.00725084  0.00748111  -0.0335366 -0.00772887   0.0289371
 -0.0132768  0.00718561  0.00772277  -0.0428461 -0.00652263   0.0241658
-0.0135572 0.00725266  0.0079418 -0.0280414 0.00670487   0.021903
-0.0137887 0.00734455 0.00809714 -0.0231488  0.0091892  0.0155338
 -0.0138879  0.00736895  0.00821176 -0.00991237  0.00243991    0.011462
 -0.0139758  0.00740177  0.00831433 -0.00879434  0.00328169   0.0102573
 -0.0140216  0.00744168  0.00838917 -0.00458471  0.00399068  0.00748389
-0.0140758 0.00747385 0.00846191 -0.0054205 0.00321762 0.00727356
 -0.0141581  0.00743185  0.00850884   -0.008224 -0.00420014  0.00469316
  -0.014279  0.00736791  0.00858569  -0.0120871 -0.00639454  0.00768489
 -0.0142753  0.00724567  0.00880081 0.000369518  -0.0122233   0.0215124
 -0.0143367  0.00700484  0.00897583 -0.00613982  -0.0240833   0.0175024
-0.0144859 0.00662915 0.00912162 -0.0149197 -0.0375695  0.0145787
-0.0147128 0.00620303 0.00918274 -0.0226963 -0.0426116 0.00611211
-0.0148913 0.00568312 0.00934307 -0.0178475 -0.0519913  0.0160322
-0.0151409  0.0051834 0.00949169 -0.0249614 -0.0499712  0.0148628
-0.0154615 0.00472043 0.00972701 -0.0320548 -0.0462979  0.0235313
-0.0157994 0.00431639  0.0099355 -0.0337961 -0.0404037   0.020849
-0.0160877 0.00385713  0.0100909 -0.0288249 -0.0459254  0.0155379
-0.0163713 0.00340415  0.0102492  -0.028364 -0.0452989  0.0158289
-0.0166746  0.0029348  0.0104284 -0.0303316 -0.0469345  0.0179246
-0.0170008 0.00246252  0.0104681 -0.0326171 -0.0472285 0.00396645
  -0.0172993   0.00189451    0.0104615   -0.0298537   -0.0568004 -0.000660117
-0.0175504 0.00131538  0.0104736 -0.0251055 -0.0579136 0.00121387
 -0.0177993 0.000738765   0.0104795  -0.0248902  -0.0576611  0.00058977
  -0.0181322   0.00025269     0.010471   -0.0332921   -0.0486075 -0.000849163
  -0.0184383 -0.000275651    0.0105076   -0.0306113   -0.0528341   0.00366206
  -0.0187647 -0.000797471    0.0105437   -0.0326406    -0.052182   0.00360447
 -0.0190685 -0.00140566   0.0107484  -0.0303737  -0.0608193   0.0204706
  -0.019341 -0.00205508   0.0109043   -0.027252  -0.0649413     0.01559
 -0.0195872 -0.00282781   0.0111626  -0.0246254  -0.0772731   0.0258315
  -0.019754 -0.00353982   0.0113346  -0.0166715  -0.0712015   0.0172028
 -0.0199493 -0.00427786   0.0115066   -0.019537  -0.0738041   0.0171943
 -0.0201412 -0.00500899   0.0116736  -0.0191911  -0.0731129   0.0167045
 -0.0202244 -0.00585406   0.0118378  -0.0083215  -0.0845067   0.0164149
 -0.0202795  -0.0066703   0.0120171 -0.00550716  -0.0816244    0.017932
 -0.0203472 -0.00757253   0.0123147 -0.00676369  -0.0902228   0.0297562
 -0.0205079 -0.00859614   0.0127361  -0.0160731   -0.102361   0.0421492
 -0.0206999 -0.00971449   0.0132642  -0.0191978   -0.111835   0.0528074
-0.0208797 -0.0108021  0.0137321 -0.0179783  -0.108765  0.0467913
 -0.0209692  -0.0118831   0.0142785 -0.00895276   -0.108093   0.0546362
-0.0210792  -0.013066  0.0148669 -0.0109988  -0.118295  0.0588438
-0.0213164 -0.0143152  0.0155243 -0.0237267  -0.124918  0.0657356
-0.0216101 -0.0154859  0.0162228 -0.0293681  -0.117074  0.0698533
-0.0218833 -0.0166903  0.0169545 -0.0273165  -0.120439   0.073168
-0.0221434  -0.017707  0.0176701 -0.0260147  -0.101667  0.0715577
-0.0224242 -0.0187259  0.0183568 -0.0280783  -0.101888  0.0686682
 -0.022613 -0.0198229  0.0189989 -0.0188787    -0.1097  0.0642129
-0.0227722  -0.020767  0.0195446 -0.0159222 -0.0944144  0.0545683
-0.0229278 -0.0216557  0.0200946 -0.0155543  -0.088869  0.0550074
-0.0231276 -0.0225576   0.020586  -0.019989 -0.0901874  0.0491334
-0.0233631 -0.0233969  0.0211825  -0.023541 -0.0839279  0.0596495
-0.0236587 -0.0242128  0.0218439 -0.0295615 -0.0815937  0.0661394
-0.0240516 -0.0250862  0.0224748 -0.0392916 -0.0873424  0.0630916
-0.0244571 -0.0258057   0.023018 -0.0405544  -0.071945  0.0543256
-0.0247969 -0.0266423  0.0236103 -0.0339764 -0.0836598  0.0592307
-0.0251309 -0.0274896   0.024211 -0.0334026 -0.0847377  0.0600633
-0.0253136 -0.0283298  0.0248644 -0.0182641 -0.0840133   0.065346
 -0.025423 -0.0292367  0.0256127  -0.010946  -0.090688  0.0748299
-0.0255403 -0.0301463  0.0262714 -0.0117245 -0.0909647  0.0658638
 -0.0255736  -0.0311491   0.0269736 -0.00333299   -0.100279   0.0702187
  -0.025605   -0.032152   0.0276738 -0.00314446   -0.100289   0.0700196
 -0.0256413  -0.0331646   0.0283698 -0.00362221   -0.101259   0.0696054
-0.0257892 -0.0342416  0.0289566  -0.014798  -0.107706  0.0586739
-0.0260059 -0.0353413  0.0296387 -0.0216648  -0.109966   0.068214
-0.0261189 -0.0363246  0.0302866 -0.0113001  -0.098333  0.0647955
 -0.026189 -0.0372645  0.0308861 -0.0070105 -0.0939898   0.059947
 -0.0262595   -0.038204   0.0314859 -0.00704617  -0.0939462   0.0599833
-0.0264947 -0.0391256  0.0321551  -0.023526 -0.0921641  0.0669185
-0.0268557 -0.0400955  0.0327198 -0.0360978 -0.0969886  0.0564687
-0.0270602 -0.0410895  0.0333495 -0.0204493 -0.0993936  0.0629644
-0.0272642 -0.0420803  0.0339869 -0.0204014 -0.0990798  0.0637392
 -0.0273571   -0.042964   0.0345081 -0.00928777  -0.0883719   0.0521259
 -0.0274279  -0.0437772   0.0350779 -0.00707799  -0.0813277    0.056979
-0.0275087 -0.0445694  0.0356909 -0.0080857 -0.0792171   0.061302
-0.0276926 -0.0453672  0.0363882 -0.0183879 -0.0797768  0.0697238
-0.0279074 -0.0462698   0.037065 -0.0214809 -0.0902583  0.0676839
-0.0281626 -0.0471043  0.0376565  -0.025523 -0.0834565   0.059154
  -0.02847 -0.0479005  0.0382613 -0.0307349 -0.0796117  0.0604783
-0.0288403 -0.0487721  0.0388137 -0.0370345 -0.0871654  0.0552415
-0.0291316 -0.0496921  0.0395377 -0.0291221 -0.0919994  0.0723912
-0.0294056 -0.0505938  0.0402376 -0.0274004 -0.0901715  0.0699956
 -0.029748 -0.0513884  0.0409743 -0.0342411 -0.0794567  0.0736716
-0.0301629 -0.0521045  0.0416165 -0.0414897 -0.0716109  0.0642183
 -0.030638 -0.0529817  0.0422804 -0.0475144 -0.0877237  0.0663883
-0.0310254 -0.0539618  0.0428703 -0.0387374  -0.098003  0.0589893
-0.0314386 -0.0549584  0.0434837 -0.0413201 -0.0996674  0.0613413
-0.0319081 -0.0559328  0.0441691 -0.0469524 -0.0974338  0.0685434
 -0.032379  -0.056931  0.0448906 -0.0470919 -0.0998264  0.0721509
-0.0328188 -0.0578779  0.0456549 -0.0439746 -0.0946893  0.0764294
-0.0332382 -0.0588173  0.0464302 -0.0419412 -0.0939339  0.0775261
-0.0337424 -0.0596641  0.0472209 -0.0504167 -0.0846835   0.079069
 -0.034258 -0.0605263  0.0479597 -0.0515625 -0.0862183  0.0738825
-0.0347054 -0.0613322  0.0486415 -0.0447406 -0.0805909  0.0681752
-0.0352704 -0.0622132  0.0492306 -0.0565038 -0.0881004    0.05891
-0.0358235 -0.0630971  0.0498061 -0.0553049 -0.0883872  0.0575573
-0.0363987  -0.063959  0.0504325 -0.0575212 -0.0861938   0.062637
-0.0368597 -0.0649179  0.0509437 -0.0461044 -0.0958908  0.0511154
-0.0372527 -0.0658498  0.0514663 -0.0392971  -0.093185  0.0522647
-0.0375128 -0.0667077  0.0518724 -0.0260131 -0.0857983  0.0406126
-0.0376792 -0.0675706  0.0521885 -0.0166406 -0.0862863  0.0316071
-0.0378605 -0.0684601   0.052517 -0.0181239 -0.0889533   0.032846
-0.0380048 -0.0693773  0.0527972 -0.0144374 -0.0917156  0.0280192
-0.0381447 -0.0703279   0.053086 -0.0139863 -0.0950606  0.0288856
 -0.0382342  -0.0712622   0.0534135 -0.00894916  -0.0934318   0.0327452
-0.0384024 -0.0721873   0.053617 -0.0168201 -0.0925036  0.0203565
-0.0385695 -0.0731091  0.0538184 -0.0167052 -0.0921797  0.0201337
 -0.0386671  -0.0741017   0.0540698 -0.00976386  -0.0992676   0.0251415
-0.0388867 -0.0751497  0.0542106 -0.0219608  -0.104793  0.0140811
-0.0391147 -0.0762033  0.0543575 -0.0228012  -0.105365  0.0146922
-0.0393816 -0.0772362   0.054471 -0.0266865  -0.103285  0.0113525
-0.0395498   -0.07817  0.0546429 -0.0168245 -0.0933811  0.0171864
 -0.039671 -0.0792362  0.0547359 -0.0121136  -0.106628 0.00929588
 -0.0397574  -0.0801973   0.0548423 -0.00864356  -0.0961081    0.010643
-0.0397792 -0.0812163  0.0549611 -0.0021792  -0.101895  0.0118807
 -0.0398549     -0.0822    0.055187 -0.00756996  -0.0983704   0.0225875
-0.0399619 -0.0831445  0.0554598 -0.0106994 -0.0944501  0.0272839
 -0.0400157  -0.0840802   0.0558422 -0.00537794  -0.0935692   0.0382368
-0.0399706 -0.0850589  0.0562076 0.00450546 -0.0978697  0.0365414
-0.0398776 -0.0861764  0.0565963 0.00930019  -0.111758  0.0388724
-0.0397671 -0.0873253  0.0569791  0.0110477  -0.114881  0.0382758
-0.0396278 -0.0882765  0.0573513  0.0139355 -0.0951255  0.0372213
-0.0394672 -0.0892246  0.0577065  0.0160545 -0.0948116  0.0355229
-0.0393892 -0.0902348   0.058145 0.00779768  -0.101021  0.0438472
-0.0393338 -0.0913314  0.0586277 0.00554875  -0.109653  0.0482749
-0.0392559 -0.0924454  0.0591194 0.00778275  -0.111406  0.0491643
  -0.0392658   -0.0936583    0.0594827 -0.000983947    -0.121287    0.0363309
 -0.0393302  -0.0949915   0.0597165 -0.00644102   -0.133316   0.0233774
-0.0394978 -0.0964328  0.0598376 -0.0167659  -0.144129  0.0121155
-0.0396377 -0.0977977  0.0598748 -0.0139891  -0.136495 0.00372266
-0.0398034  -0.099132  0.0599188 -0.0165708  -0.133425 0.00439476
-0.0399981  -0.100491  0.0599924 -0.0194612  -0.135937 0.00736472
-0.0401653  -0.101814  0.0601043 -0.0167225  -0.132254  0.0111885
-0.0403228  -0.103131  0.0602154 -0.0157484   -0.13174  0.0111055
-0.0405345   -0.10445  0.0603158 -0.0211734  -0.131878  0.0100439
 -0.040758  -0.105706   0.060582 -0.0223472  -0.125595  0.0266162
-0.0408773  -0.106933  0.0609733 -0.0119322  -0.122721  0.0391361
-0.0410537  -0.108229  0.0613218 -0.0176454  -0.129575  0.0348485
-0.0412573  -0.109416  0.0616214 -0.0203517  -0.118735  0.0299533
-0.0413043   -0.11067  0.0618321 -0.0047009  -0.125412  0.0210755
 -0.0413857   -0.111909   0.0620249 -0.00814653   -0.123843   0.0192807
